0 0.322667 0.418341 0.0346667 0.028821 0.451856
0 0.839667 0.395633 0.0526667 0.0427948 0.471462
0 0.674 0.417686 0.0333333 0.0266376 0.486187
0 0.190667 0.432969 0.0306667 0.0275109 0.502796
0 0.756 0.395633 0.032 0.031441 0.536308
0 0.236333 0.429694 0.026 0.0244541 0.558489
0 0.756667 0.554585 0.0373333 0.0209607 0.591415
0 0.755 0.564847 0.042 0.0353712 0.622044
0 0.783667 0.421179 0.034 0.0327511 0.625423
0 0.757333 0.489738 0.0346667 0.0310044 0.690215
0 0.163 0.384061 0.03 0.0266376 0.696041
0 0.762667 0.522926 0.0306667 0.0327511 0.696208
