0 0.236559 0.316535 0.0602151 0.0661417 0.405131
0 0.430108 0.172441 0.0645161 0.0677165 0.487891
0 0.6 0.39685 0.0344086 0.0377953 0.562035
0 0.593548 0.462992 0.0516129 0.0566929 0.707212
0 0.607527 0.311024 0.0537634 0.11811 0.711353
0 0.339785 0.265354 0.0817204 0.0992126 0.761699
0 0.524731 0.133071 0.0903226 0.0897638 0.838304
0 0.415054 0.552756 0.107527 0.113386 0.850396
0 0.612903 0.220472 0.0817204 0.0629921 0.871517
0 0.429032 0.407874 0.0752688 0.125984 0.874428
0 0.512903 0.548032 0.0967742 0.144882 0.87589
0 0.523656 0.264567 0.0709677 0.116535 0.882047
0 0.296774 0.489764 0.0860215 0.148032 0.889018
0 0.522581 0.405512 0.0817204 0.130709 0.899498
0 0.432258 0.282677 0.0731183 0.111811 0.907279
