0 0.383974 0.637056 0.024359 0.0497462 0.456078
0 0.761538 0.321827 0.0538462 0.0467005 0.509798
0 0.364103 0.711168 0.0333333 0.0497462 0.510626
0 0.41859 0.626904 0.0346154 0.035533 0.573472
0 0.358333 0.45736 0.0346154 0.0436548 0.580051
0 0.433333 0.721827 0.0205128 0.0263959 0.650554
0 0.403846 0.707107 0.0307692 0.0497462 0.664424
0 0.287179 0.452284 0.0461538 0.0294416 0.675098
0 0.423718 0.675127 0.0269231 0.0467005 0.683194
0 0.527564 0.307614 0.0474359 0.0588832 0.696359
0 0.394872 0.76802 0.0435897 0.0517767 0.711056
0 0.460256 0.551269 0.0461538 0.0548223 0.721103
0 0.544231 0.195431 0.0448718 0.0477157 0.729237
0 0.576923 0.313706 0.0461538 0.0690355 0.755719
0 0.842308 0.310152 0.0589744 0.0781726 0.75983
0 0.873077 0.185787 0.0487179 0.0649746 0.769814
0 0.816667 0.370051 0.0615385 0.0517767 0.786635
0 0.476923 0.136041 0.0589744 0.0527919 0.795039
0 0.614103 0.126396 0.0538462 0.035533 0.795268
0 0.326282 0.58731 0.0320513 0.035533 0.813707
0 0.366667 0.554822 0.0461538 0.0436548 0.82489
0 0.551282 0.138071 0.0589744 0.0548223 0.831177
0 0.810256 0.229949 0.0589744 0.0598985 0.837874
0 0.439744 0.769036 0.0410256 0.0598985 0.841237
0 0.870513 0.24264 0.0435897 0.0406091 0.841591
0 0.602564 0.180711 0.0538462 0.0629442 0.843375
0 0.823077 0.154822 0.0641026 0.0761421 0.851603
0 0.887179 0.128426 0.0487179 0.0314721 0.858567
