0 0.673276 0.290909 0.0362069 0.0636364 0.409927
0 0.414655 0.404545 0.0637931 0.109091 0.43858
0 0.187069 0.390152 0.0362069 0.0439394 0.467178
0 0.659483 0.258333 0.0775862 0.128788 0.578296
0 0.390517 0.282576 0.0637931 0.0742424 0.578304
0 0.971552 0.706818 0.0568966 0.0530303 0.654327
0 0.868966 0.731818 0.0448276 0.069697 0.697591
0 0.365517 0.399242 0.0413793 0.116667 0.727304
0 0.294828 0.399242 0.0724138 0.122727 0.734908
0 0.481897 0.392424 0.0637931 0.0484848 0.759797
0 0.553448 0.255303 0.0724138 0.0590909 0.796076
0 0.700862 0.418182 0.125862 0.112121 0.813633
0 0.47069 0.288636 0.0517241 0.122727 0.83619
0 0.571552 0.367424 0.087931 0.104545 0.840084
0 0.472414 0.493182 0.0689655 0.119697 0.871756
