0 0.14767 0.889505 0.0301075 0.0261386 0.411726
0 0.461649 0.821386 0.0444444 0.0285149 0.4433
0 0.484588 0.198812 0.0258065 0.0158416 0.446557
0 0.446237 0.779208 0.0293907 0.0352475 0.451289
0 0.553047 0.615842 0.0293907 0.0142574 0.45472
0 0.458781 0.732277 0.0344086 0.0364356 0.465743
0 0.701075 0.581188 0.0344086 0.0209901 0.471414
0 0.643369 0.812673 0.0265233 0.0213861 0.507492
0 0.71147 0.612277 0.027957 0.0174257 0.534115
0 0.460573 0.225347 0.0408602 0.0316832 0.55486
0 0.605376 0.806535 0.0293907 0.0273267 0.565818
0 0.754122 0.581386 0.0243728 0.0229703 0.595832
0 0.767742 0.616238 0.0387097 0.0293069 0.619911
0 0.695699 0.68198 0.0222222 0.0293069 0.657115
0 0.729749 0.666139 0.0243728 0.0277228 0.694389
