0 0.297321 0.61875 0.108929 0.0479167 0.48028
0 0.659821 0.663021 0.0910714 0.126042 0.538355
0 0.26875 0.539062 0.0696429 0.084375 0.663083
0 0.714286 0.115104 0.0571429 0.0697917 0.694516
0 0.374107 0.133854 0.0517857 0.0385417 0.723387
0 0.375893 0.186458 0.0482143 0.0458333 0.771962
0 0.728571 0.174479 0.0392857 0.0427083 0.806863
0 0.700893 0.228125 0.0625 0.05 0.828865
0 0.270536 0.610937 0.0589286 0.0427083 0.833489
0 0.329464 0.622917 0.0696429 0.0458333 0.834572
0 0.564286 0.671354 0.0928571 0.121875 0.838501
0 0.345536 0.536979 0.0875 0.111458 0.842035
0 0.354464 0.691667 0.0553571 0.0791667 0.842086
0 0.270536 0.416667 0.0767857 0.075 0.867329
0 0.276786 0.666667 0.0714286 0.05625 0.879777
0 0.367857 0.771875 0.0678571 0.0583333 0.880432
0 0.289286 0.744271 0.0642857 0.0760417 0.908796
0 0.471429 0.679167 0.1 0.102083 0.917588
