0 0.243243 0.124324 0.0513513 0.08 0.547261
0 0.260135 0.120541 0.0310811 0.0789189 0.587886
0 0.168243 0.253514 0.0256757 0.0681081 0.596787
0 0.550676 0.781081 0.0824324 0.107027 0.625066
0 0.209459 0.262162 0.0432432 0.102703 0.66238
0 0.564865 0.677838 0.0621622 0.0951351 0.666007
0 0.190541 0.119459 0.0378378 0.0443243 0.68617
0 0.152027 0.132432 0.0391892 0.0594595 0.71151
0 0.271622 0.332973 0.0594595 0.0756757 0.71414
0 0.480405 0.284865 0.0445946 0.0702703 0.721667
0 0.185811 0.582162 0.0310811 0.0378378 0.732679
0 0.229054 0.532432 0.0418919 0.0854054 0.742225
0 0.275676 0.52 0.0378378 0.0691892 0.745864
0 0.472297 0.369189 0.0554054 0.0875676 0.751841
0 0.485811 0.137838 0.0527027 0.0616216 0.753191
0 0.165541 0.404865 0.0418919 0.0616216 0.775489
0 0.425 0.33027 0.0391892 0.0508108 0.777354
0 0.433784 0.12973 0.0432432 0.0583784 0.779595
0 0.214189 0.456757 0.0527027 0.0248649 0.785473
0 0.426351 0.263243 0.0445946 0.0616216 0.794797
0 0.270946 0.422162 0.0391892 0.0832432 0.795515
0 0.260811 0.252432 0.0432432 0.0572973 0.82295
0 0.454054 0.783784 0.0540541 0.08 0.831913
0 0.235811 0.618378 0.05 0.0735135 0.858906
0 0.215541 0.394595 0.0445946 0.0562162 0.862173
