0 0.553398 0.65274 0.0699029 0.0726027 0.585113
0 0.608738 0.14589 0.0563107 0.0753425 0.688194
0 0.521359 0.559589 0.0601942 0.069863 0.690864
0 0.631068 0.530137 0.0621359 0.0794521 0.796691
0 0.623301 0.241781 0.0427184 0.0863014 0.823374
0 0.615534 0.44863 0.0582524 0.0561644 0.831609
0 0.692233 0.318493 0.0834951 0.1 0.851765
0 0.61165 0.343836 0.0815534 0.10411 0.852179
0 0.701942 0.439726 0.0757282 0.109589 0.872007
0 0.524272 0.376027 0.0893204 0.157534 0.885674
0 0.398058 0.403425 0.0932039 0.0945205 0.915425
