0 0.786364 0.231655 0.02 0.0402878 0.437539
0 0.373636 0.439568 0.0309091 0.0388489 0.476069
0 0.363636 0.479137 0.0254545 0.0402878 0.50675
0 0.449091 0.329496 0.04 0.0633093 0.608598
0 0.370909 0.220144 0.0727273 0.0863309 0.623419
0 0.365455 0.530216 0.0218182 0.0446043 0.64266
0 0.232727 0.443165 0.04 0.0690648 0.643003
0 0.8 0.320863 0.0472727 0.0748201 0.64903
0 0.276364 0.3 0.0290909 0.0503597 0.658334
0 0.65 0.241727 0.0454545 0.106475 0.713682
0 0.327273 0.318705 0.0509091 0.0791367 0.716843
0 0.710909 0.341727 0.0509091 0.047482 0.768949
0 0.386364 0.299281 0.0490909 0.0546763 0.778435
0 0.723636 0.227338 0.0727273 0.135252 0.788306
0 0.790909 0.156115 0.0472727 0.0964029 0.79204
0 0.582727 0.282014 0.0381818 0.0863309 0.803502
0 0.446364 0.182734 0.0454545 0.0805755 0.826757
