0 0.268103 0.42 0.0706897 0.0447059 0.487288
0 0.531034 0.802941 0.0586207 0.0741176 0.554717
0 0.306897 0.804118 0.0413793 0.0505882 0.561593
0 0.236207 0.278235 0.0586207 0.0247059 0.563955
0 0.775 0.633529 0.0396552 0.0482353 0.591504
0 0.762069 0.425882 0.0241379 0.04 0.643225
0 0.767241 0.590588 0.0655172 0.0917647 0.678879
0 0.649138 0.738824 0.0293103 0.0447059 0.693055
0 0.703448 0.571765 0.062069 0.0870588 0.712747
0 0.558621 0.416471 0.106897 0.152941 0.728084
0 0.440517 0.801765 0.0534483 0.0647059 0.729009
0 0.27069 0.397647 0.0793103 0.0894118 0.736664
0 0.64569 0.660588 0.0603448 0.0788235 0.740875
0 0.211207 0.358235 0.0706897 0.0694118 0.762343
0 0.37931 0.468235 0.113793 0.0729412 0.762565
0 0.380172 0.372353 0.0913793 0.0882353 0.767754
0 0.287069 0.322941 0.0741379 0.0482353 0.776892
0 0.631897 0.57 0.0568966 0.0858824 0.790424
0 0.768966 0.279412 0.0517241 0.0623529 0.794387
0 0.455172 0.357059 0.0793103 0.114118 0.794518
0 0.239655 0.240588 0.0655172 0.0317647 0.818886
0 0.760345 0.491176 0.0586207 0.0482353 0.826005
0 0.760345 0.358235 0.0689655 0.06 0.833994
0 0.690517 0.279412 0.0741379 0.0388235 0.842023
0 0.394828 0.276471 0.0758621 0.0823529 0.842696
0 0.672414 0.380588 0.0862069 0.14 0.849278
0 0.309483 0.262353 0.0672414 0.0541176 0.854008
0 0.481034 0.467647 0.0551724 0.111765 0.860272
0 0.473276 0.278824 0.0741379 0.0588235 0.883074
0 0.575862 0.289412 0.0896552 0.0588235 0.895292
