0 0.590083 0.37037 0.0661157 0.0177778 0.606265
0 0.503306 0.619259 0.0446281 0.0148148 0.659908
0 0.708264 0.305926 0.0446281 0.0903704 0.693047
0 0.717355 0.698519 0.0628099 0.0874074 0.831021
0 0.71405 0.234815 0.0363636 0.0488889 0.833468
0 0.529752 0.245926 0.0644628 0.0918519 0.84305
0 0.695041 0.14 0.0479339 0.0992593 0.844415
0 0.568595 0.571852 0.0628099 0.103704 0.854351
0 0.633058 0.657778 0.0661157 0.0711111 0.867459
0 0.622314 0.198519 0.077686 0.08 0.870971
0 0.642149 0.554815 0.0512397 0.0962963 0.873391
0 0.716529 0.555556 0.0644628 0.0977778 0.905292
