0 0.231469 0.357282 0.0461538 0.0466019 0.604389
0 0.233566 0.417476 0.0755245 0.0485437 0.689342
0 0.227972 0.310194 0.0503496 0.0417476 0.695722
0 0.546154 0.665534 0.0377622 0.101942 0.738402
0 0.212587 0.168932 0.0699301 0.11068 0.764221
0 0.343357 0.371845 0.0573427 0.0601942 0.777698
0 0.323776 0.320874 0.0713287 0.0572816 0.801807
0 0.337063 0.488835 0.0531469 0.0553398 0.808016
0 0.551748 0.564563 0.0433566 0.0941748 0.814248
0 0.334965 0.58301 0.0545455 0.0980583 0.830834
0 0.295804 0.230583 0.0601399 0.084466 0.832711
0 0.405594 0.49466 0.0559441 0.0475728 0.834506
0 0.684615 0.616019 0.102098 0.0747573 0.838602
0 0.65035 0.524272 0.0979021 0.0718447 0.842159
0 0.436364 0.584951 0.0839161 0.0941748 0.846057
