0 0.627551 0.815584 0.022449 0.0467532 0.40403
0 0.798469 0.649784 0.0357143 0.038961 0.419164
0 0.804592 0.419913 0.0418367 0.0727273 0.427268
0 0.671939 0.414286 0.0357143 0.0510822 0.444417
0 0.641327 0.658874 0.0397959 0.0519481 0.444916
0 0.622449 0.0515152 0.0469388 0.0528139 0.458593
0 0.646939 0.569697 0.0387755 0.0658009 0.463554
0 0.55051 0.474892 0.0459184 0.0251082 0.498462
0 0.498469 0.8329 0.05 0.0658009 0.505519
0 0.830102 0.661039 0.0357143 0.0683983 0.514302
0 0.629592 0.28355 0.0367347 0.038961 0.529933
0 0.22602 0.558442 0.0663265 0.105628 0.531755
0 0.538776 0.536797 0.0530612 0.0606061 0.53203
0 0.958163 0.181818 0.0408163 0.0640693 0.53886
0 0.853571 0.598268 0.0295918 0.0294372 0.54165
0 0.943367 0.278355 0.0459184 0.0545455 0.542791
0 0.756633 0.0450216 0.0438775 0.0502165 0.552838
0 0.838776 0.0363636 0.0653061 0.0554113 0.57903
0 0.44949 0.788745 0.0377551 0.0692641 0.58166
0 0.708673 0.0484848 0.027551 0.0484848 0.582606
0 0.579592 0.794805 0.0408163 0.0502165 0.598555
0 0.812245 0.756277 0.0285714 0.0510822 0.633222
0 0.896429 0.182684 0.0561224 0.0502165 0.637017
0 0.708163 0.428139 0.0285714 0.0337662 0.656821
0 0.734694 0.78961 0.0428571 0.0519481 0.675976
0 0.770408 0.578355 0.0428571 0.0467532 0.677549
0 0.936735 0.0367965 0.0346939 0.0528139 0.680933
0 0.816837 0.551948 0.0357143 0.0510822 0.692498
0 0.675 0.0424242 0.0316327 0.0467532 0.69755
0 0.778571 0.757143 0.0367347 0.0597403 0.745237
0 0.710714 0.57013 0.0418367 0.0805195 0.749138
0 0.685714 0.681818 0.0387755 0.0510822 0.752455
0 0.684184 0.797403 0.0418367 0.0709957 0.806853
