0 0.760956 0.44604 0.0223108 0.0346535 0.406506
0 0.885259 0.518317 0.0350598 0.0544554 0.41634
0 0.552988 0.415347 0.0223108 0.0287129 0.457943
0 0.189641 0.177228 0.0159363 0.0633663 0.473626
0 0.588845 0.355941 0.0159363 0.0445545 0.522899
0 0.557371 0.525743 0.0262948 0.0415842 0.529986
0 0.394024 0.369307 0.0215139 0.0633663 0.530956
0 0.876096 0.681683 0.0645418 0.0861386 0.558186
0 0.815936 0.74802 0.038247 0.0504951 0.565182
0 0.370916 0.377228 0.0199203 0.0574257 0.565937
0 0.190438 0.15297 0.0159363 0.0504951 0.574889
0 0.614741 0.327723 0.0262948 0.0475248 0.60623
0 0.698008 0.272277 0.0270916 0.0217822 0.617368
0 0.500797 0.317822 0.0215139 0.039604 0.625003
0 0.650199 0.364356 0.0462151 0.0693069 0.631914
0 0.5251 0.318812 0.0191235 0.0336634 0.639882
0 0.284861 0.365347 0.0231076 0.0376238 0.65115
0 0.52988 0.516832 0.0207171 0.0514851 0.651167
0 0.668127 0.543069 0.0199203 0.0465347 0.690508
0 0.594422 0.10396 0.0223108 0.0217822 0.694114
0 0.238645 0.118317 0.0231076 0.0386139 0.708617
0 0.82749 0.679208 0.0310757 0.0732673 0.724289
0 0.48247 0.541089 0.0294821 0.0366337 0.736362
0 0.52988 0.369307 0.0270916 0.0594059 0.746303
0 0.501195 0.379208 0.0270916 0.0594059 0.761667
0 0.558566 0.348515 0.0318725 0.0554455 0.793014
0 0.191235 0.235149 0.0270916 0.0524752 0.800797
0 0.163347 0.172277 0.0334661 0.0633663 0.817829
