0 0.494 0.556085 0.08 0.11746 0.447738
0 0.592 0.565079 0.052 0.0465608 0.482258
0 0.601 0.75873 0.054 0.0550265 0.520996
0 0.573 0.53545 0.082 0.0952381 0.535852
0 0.408 0.540212 0.048 0.0814815 0.577039
0 0.717 0.503175 0.03 0.037037 0.614849
0 0.489 0.520106 0.066 0.0433862 0.622983
0 0.676 0.654497 0.036 0.0306878 0.625203
0 0.667 0.595238 0.05 0.0455026 0.668173
0 0.41 0.511111 0.072 0.031746 0.737291
0 0.435 0.152381 0.07 0.0592593 0.743138
0 0.602 0.124339 0.064 0.0518519 0.745943
0 0.645 0.518519 0.054 0.0592593 0.759405
0 0.467 0.222222 0.054 0.0486772 0.783436
0 0.401 0.64709 0.078 0.0624339 0.786748
0 0.615 0.67672 0.05 0.0666667 0.787197
0 0.519 0.661905 0.078 0.0412698 0.787359
0 0.518 0.129101 0.088 0.0677249 0.787734
0 0.609 0.191005 0.03 0.0222222 0.791196
0 0.601 0.620106 0.062 0.0253968 0.800435
0 0.554 0.22963 0.068 0.0613757 0.801996
0 0.631 0.236508 0.062 0.0412698 0.812593
0 0.34 0.180423 0.06 0.0687831 0.85287
0 0.509 0.740741 0.082 0.0994709 0.911556
