0 0.351261 0.715263 0.0605042 0.0494737 0.495121
0 0.491597 0.171579 0.0655462 0.0315789 0.514758
0 0.493277 0.235789 0.0756303 0.0757895 0.580251
0 0.431933 0.473684 0.0571429 0.0863158 0.638816
0 0.501681 0.453684 0.0722689 0.08 0.71712
0 0.50084 0.306316 0.0369748 0.0421053 0.742681
0 0.528571 0.638421 0.0420168 0.0431579 0.751771
0 0.489916 0.543158 0.0621849 0.0821053 0.757706
0 0.387395 0.603158 0.115966 0.128421 0.784096
0 0.432773 0.365789 0.0588235 0.0810526 0.791816
0 0.406723 0.110526 0.0705882 0.0589474 0.811669
0 0.315126 0.221579 0.0890756 0.114737 0.815789
0 0.412605 0.195263 0.0655462 0.0768421 0.829451
0 0.413445 0.277895 0.0705882 0.0757895 0.836352
0 0.439496 0.714211 0.0957983 0.0578947 0.846538
