0 0.53211 0.707463 0.0697248 0.0517413 0.550295
0 0.60367 0.625871 0.0623853 0.0875622 0.565716
0 0.366972 0.291542 0.0880734 0.0895522 0.585408
0 0.461468 0.482587 0.0642202 0.0875622 0.597485
0 0.483486 0.564179 0.0752294 0.081592 0.63436
0 0.280734 0.381592 0.0917431 0.0726368 0.651386
0 0.694495 0.380597 0.0825688 0.0268657 0.674913
0 0.529358 0.633831 0.0899083 0.0716418 0.750569
0 0.676147 0.444279 0.053211 0.0865672 0.755671
0 0.386239 0.572139 0.0715596 0.0915423 0.757628
0 0.566972 0.500995 0.124771 0.136318 0.787466
0 0.375229 0.485075 0.0862385 0.0547264 0.789061
0 0.278899 0.295025 0.0954128 0.0766169 0.80104
0 0.383486 0.385075 0.102752 0.119403 0.81182
0 0.715596 0.272139 0.0954128 0.0666667 0.825833
0 0.472477 0.383085 0.0788991 0.0736318 0.851516
0 0.283486 0.518408 0.0972477 0.0636816 0.859546
0 0.569725 0.282587 0.104587 0.115423 0.865602
0 0.297248 0.687065 0.102752 0.0985075 0.869716
0 0.568807 0.385572 0.0954128 0.0706468 0.877167
0 0.455046 0.282587 0.102752 0.0875622 0.880827
0 0.420183 0.700995 0.0990826 0.0885572 0.88661
0 0.291743 0.6 0.0880734 0.079602 0.887138
