0 0.524514 0.6 0.0326848 0.0655914 0.556753
0 0.422179 0.598118 0.0536965 0.0768817 0.693163
0 0.476654 0.591398 0.0490272 0.0591398 0.707982
0 0.117121 0.591398 0.0770428 0.0419355 0.723676
0 0.449416 0.708333 0.0661479 0.0564516 0.796157
0 0.272763 0.561559 0.0754864 0.0521505 0.817423
0 0.194163 0.832258 0.0505837 0.0548387 0.830384
0 0.677821 0.586559 0.0840467 0.0731183 0.847624
0 0.590661 0.585484 0.0700389 0.055914 0.854952
0 0.289105 0.664785 0.0599222 0.0736559 0.86694
0 0.358755 0.694892 0.077821 0.0586022 0.867965
