0 0.688182 0.126891 0.06 0.0789916 0.533515
0 0.696364 0.373109 0.0436364 0.0705882 0.765725
0 0.74 0.463025 0.0872727 0.119328 0.777708
0 0.512727 0.6 0.0545455 0.10084 0.806139
0 0.673636 0.241176 0.0490909 0.12605 0.807689
0 0.604545 0.494958 0.0672727 0.132773 0.831111
0 0.592727 0.233613 0.0690909 0.114286 0.862701
0 0.613636 0.344538 0.06 0.131092 0.866361
0 0.504545 0.308403 0.0781818 0.105882 0.879093
0 0.353636 0.342857 0.0490909 0.121008 0.882532
0 0.504545 0.471429 0.0781818 0.136134 0.895918
