0 0.158209 0.390196 0.0477612 0.0875817 0.618155
0 0.473134 0.55817 0.041791 0.0392157 0.727909
0 0.586567 0.454902 0.0477612 0.0575163 0.73571
0 0.590299 0.361438 0.0343284 0.0431373 0.775202
0 0.494776 0.41634 0.0343284 0.048366 0.78736
0 0.23806 0.366013 0.0343284 0.0810458 0.812549
0 0.781343 0.320261 0.0462687 0.0993464 0.828885
0 0.668657 0.200654 0.0626866 0.0823529 0.833438
0 0.348507 0.369281 0.0910448 0.103268 0.854409
0 0.682836 0.318954 0.061194 0.130719 0.855411
0 0.579104 0.159477 0.0835821 0.0862745 0.859328
0 0.345522 0.252288 0.0731343 0.0862745 0.885374
0 0.450746 0.334641 0.0776119 0.115033 0.895011
0 0.591045 0.271242 0.0716418 0.100654 0.895056
0 0.453731 0.186928 0.0955224 0.112418 0.916281
