0 0.688929 0.761017 0.015 0.0423729 0.42814
0 0.788214 0.512288 0.0221429 0.0652542 0.457678
0 0.467143 0.422881 0.02 0.0423729 0.463334
0 0.890714 0.502542 0.0271429 0.0542373 0.479688
0 0.211071 0.498305 0.0278571 0.0644068 0.492571
0 0.747143 0.402542 0.02 0.0372881 0.520957
0 0.93 0.608475 0.0142857 0.0220339 0.528108
0 0.822143 0.494068 0.0285714 0.0576271 0.597593
0 0.715357 0.68983 0.0292857 0.0322034 0.618861
0 0.893214 0.596186 0.015 0.0483051 0.634281
0 0.858571 0.49661 0.0328571 0.0627119 0.668671
0 0.908929 0.501695 0.0178571 0.0576271 0.671347
0 0.717857 0.753814 0.0214286 0.0516949 0.673641
0 0.932143 0.560593 0.0342857 0.0618644 0.702329
0 0.942143 0.479237 0.03 0.0669492 0.78786
