0 0.558197 0.217241 0.0639344 0.0151724 0.607808
0 0.331148 0.12069 0.052459 0.0786207 0.692605
0 0.407377 0.135862 0.0803279 0.114483 0.804128
0 0.409016 0.422069 0.0639344 0.124138 0.805747
0 0.256557 0.428966 0.0409836 0.0551724 0.825263
0 0.469672 0.242069 0.057377 0.097931 0.836313
0 0.592623 0.727586 0.0606557 0.097931 0.854279
0 0.414754 0.721379 0.0557377 0.0827586 0.859842
0 0.397541 0.266207 0.0770492 0.0937931 0.867594
0 0.333607 0.415172 0.0606557 0.126897 0.87161
0 0.236066 0.223448 0.0754098 0.0689655 0.876787
0 0.718852 0.574483 0.0737705 0.128276 0.878484
0 0.322131 0.265517 0.0639344 0.133793 0.878671
0 0.498361 0.528276 0.0819672 0.110345 0.880152
0 0.39918 0.613103 0.0868852 0.13931 0.880165
0 0.509016 0.711034 0.0836066 0.114483 0.90269
0 0.247541 0.330345 0.0688525 0.12 0.903919
