0 0.635036 0.711628 0.0934307 0.0627907 0.405599
0 0.129197 0.052907 0.0481752 0.05 0.456348
0 0.60292 0.768605 0.049635 0.0348837 0.521696
0 0.486131 0.203488 0.0554745 0.0627907 0.537729
0 0.30292 0.521512 0.0394161 0.077907 0.687896
0 0.166423 0.260465 0.0350365 0.0372093 0.705365
0 0.242336 0.546512 0.0467153 0.0488372 0.731375
0 0.366423 0.665698 0.0613139 0.0453488 0.756544
0 0.154745 0.172674 0.0379562 0.0662791 0.771852
0 0.285401 0.37907 0.059854 0.0651163 0.778126
0 0.222628 0.265116 0.0540146 0.0581395 0.783277
0 0.286861 0.202907 0.0686131 0.0616279 0.807338
0 0.408759 0.272674 0.049635 0.0639535 0.809787
0 0.3 0.288953 0.0627737 0.0732558 0.81002
0 0.361314 0.512209 0.0715328 0.0360465 0.821445
0 0.405839 0.184302 0.0554745 0.0639535 0.835057
0 0.229927 0.461628 0.0890511 0.0837209 0.835366
0 0.210949 0.186628 0.059854 0.0616279 0.855128
0 0.358394 0.576744 0.0744526 0.0767442 0.863457
0 0.281752 0.615698 0.070073 0.0662791 0.874466
0 0.214599 0.361047 0.0817518 0.103488 0.876029
