0 0.280916 0.459551 0.0366412 0.0921348 0.462395
0 0.829771 0.323034 0.0534351 0.0146067 0.521316
0 0.327481 0.490449 0.0473282 0.0865169 0.534146
0 0.800763 0.239326 0.0442748 0.058427 0.565305
0 0.277863 0.548315 0.0396947 0.0629213 0.585868
0 0.267939 0.392135 0.0412214 0.0224719 0.616271
0 0.816031 0.370225 0.0503817 0.0640449 0.626818
0 0.849618 0.225843 0.059542 0.0764045 0.660425
0 0.561069 0.114607 0.0564886 0.0606742 0.726077
0 0.378626 0.37191 0.048855 0.0269663 0.734448
0 0.381679 0.576966 0.0580153 0.0393258 0.738453
0 0.321374 0.398876 0.0534351 0.047191 0.792119
0 0.391603 0.435393 0.0564886 0.0595506 0.800315
0 0.243511 0.154494 0.0564886 0.133708 0.814094
0 0.444275 0.365169 0.0732824 0.0898876 0.839864
0 0.377099 0.509551 0.0549618 0.0775281 0.842087
0 0.38855 0.61573 0.0656489 0.0314607 0.849548
0 0.38855 0.670225 0.0625954 0.0438202 0.879752
0 0.241985 0.293258 0.145038 0.164045 0.88684
0 0.363359 0.217978 0.100763 0.0966292 0.900688
