0 0.211888 0.629032 0.0405594 0.0599078 0.55288
0 0.623077 0.101843 0.0741259 0.0322581 0.627896
0 0.623077 0.734101 0.0937063 0.0543779 0.628364
0 0.271329 0.576037 0.0643357 0.0792627 0.631163
0 0.293007 0.311982 0.0769231 0.0857143 0.651004
0 0.553147 0.136866 0.0657343 0.0543779 0.687101
0 0.232168 0.693088 0.0895105 0.0552995 0.774151
0 0.427273 0.132719 0.0825175 0.081106 0.801133
0 0.609091 0.629032 0.0713287 0.118894 0.882139
0 0.469231 0.432719 0.121678 0.0801843 0.885248
0 0.52028 0.248387 0.0839161 0.078341 0.890511
0 0.35035 0.670046 0.0713287 0.0792627 0.890829
0 0.423077 0.343318 0.0881119 0.0543779 0.891113
0 0.374126 0.236866 0.0993007 0.117972 0.891965
0 0.32028 0.424424 0.109091 0.117051 0.892727
0 0.570629 0.353917 0.0839161 0.0921659 0.897965
0 0.504895 0.540553 0.0783217 0.104147 0.904831
0 0.385315 0.538249 0.116084 0.116129 0.912442
0 0.609091 0.483871 0.0853147 0.151152 0.923514
0 0.485315 0.675115 0.153846 0.133641 0.940857
