0 0.223077 0.895082 0.0415385 0.0237705 0.404357
0 0.337308 0.863525 0.0223077 0.0163934 0.442196
0 0.688077 0.740369 0.0376923 0.0143443 0.448753
0 0.564231 0.62623 0.0284615 0.0229508 0.466624
0 0.659615 0.577664 0.0423077 0.0381148 0.506112
0 0.299231 0.8375 0.0323077 0.0143443 0.521647
0 0.275385 0.913115 0.04 0.0303279 0.531161
0 0.302308 0.88668 0.0307692 0.025 0.590253
0 0.559231 0.287705 0.0338462 0.0237705 0.621971
0 0.612308 0.228893 0.04 0.0143443 0.622457
0 0.295769 0.857172 0.0346154 0.020082 0.63799
0 0.604231 0.286475 0.0346154 0.0254098 0.672065
0 0.574615 0.748975 0.0369231 0.0192623 0.688642
0 0.554615 0.260451 0.0415385 0.027459 0.72337
0 0.593462 0.829918 0.03 0.0229508 0.735251
0 0.669615 0.635041 0.0469231 0.0545082 0.754226
