0 0.162183 0.315808 0.015736 0.0323024 0.412457
0 0.136041 0.576976 0.0284264 0.0790378 0.494079
0 0.149492 0.409622 0.0177665 0.0412371 0.52156
0 0.0997462 0.739863 0.0177665 0.0460481 0.53008
0 0.0611675 0.750172 0.0208122 0.0694158 0.545345
0 0.173096 0.265979 0.0192893 0.0508591 0.610032
0 0.183503 0.196564 0.028934 0.0687285 0.653975
0 0.156853 0.360825 0.0284264 0.038488 0.672124
0 0.13731 0.479381 0.0269036 0.0859107 0.762411
0 0.130457 0.692096 0.0213198 0.0453608 0.802419
0 0.227157 0.362199 0.0390863 0.11134 0.818267
0 0.105076 0.684536 0.0192893 0.0536082 0.82418
0 0.778426 0.420275 0.0177665 0.0419244 0.837489
0 0.124365 0.761512 0.0243655 0.0714777 0.839288
0 0.782741 0.257045 0.0294416 0.0646048 0.847365
0 0.133756 0.612371 0.0269036 0.0604811 0.856064
0 0.793147 0.571134 0.0482234 0.0604811 0.862017
0 0.802538 0.674227 0.048731 0.0920962 0.870789
0 0.785025 0.491409 0.0350254 0.0701031 0.880241
0 0.136802 0.554296 0.0329949 0.0419244 0.882418
0 0.235025 0.225086 0.0598985 0.109278 0.884915
0 0.780711 0.350515 0.0385787 0.0756014 0.88512
