0 0.439189 0.478195 0.0337838 0.0902256 0.51733
0 0.158784 0.202256 0.0439189 0.109774 0.542982
0 0.692568 0.600752 0.0540541 0.0766917 0.646396
0 0.628378 0.342105 0.0506757 0.0766917 0.692475
0 0.808277 0.447368 0.035473 0.0706767 0.738442
0 0.326014 0.600752 0.0709459 0.0796992 0.757205
0 0.185811 0.215789 0.0945946 0.148872 0.802626
0 0.803209 0.350376 0.0489865 0.0631579 0.812115
0 0.706926 0.166917 0.0793919 0.102256 0.821449
0 0.590372 0.565414 0.0793919 0.105263 0.831275
0 0.451014 0.360902 0.0439189 0.075188 0.835931
0 0.377534 0.350376 0.0422297 0.075188 0.838518
0 0.351351 0.518045 0.0472973 0.0586466 0.853831
0 0.592905 0.225564 0.0777027 0.120301 0.855953
0 0.277872 0.345113 0.0523649 0.0706767 0.867994
0 0.724662 0.362406 0.0506757 0.087218 0.869731
0 0.711149 0.522556 0.0472973 0.0616541 0.870126
0 0.794764 0.251128 0.0625 0.0962406 0.871516
0 0.420608 0.26391 0.0540541 0.0766917 0.895864
0 0.309966 0.214286 0.0625 0.121805 0.903834
