0 0.581522 0.15996 0.0597826 0.0704225 0.443522
0 0.309783 0.190141 0.0434783 0.0583501 0.599564
0 0.224185 0.304829 0.0679348 0.082495 0.607113
0 0.788043 0.33501 0.0543478 0.0663984 0.729422
0 0.444293 0.280684 0.0570652 0.0503018 0.783591
0 0.543478 0.258551 0.048913 0.0583501 0.803193
0 0.486413 0.188129 0.0815217 0.0663984 0.86888
0 0.752717 0.225352 0.076087 0.0885312 0.87489
0 0.646739 0.239437 0.0923913 0.0764588 0.878387
0 0.66712 0.34507 0.0679348 0.0784708 0.881146
0 0.339674 0.293763 0.076087 0.084507 0.884148
