0 0.672087 0.41966 0.0650406 0.0642722 0.67595
0 0.630081 0.240076 0.0677507 0.0831758 0.816716
0 0.403794 0.190926 0.0650406 0.0604915 0.825793
0 0.654472 0.345936 0.0514905 0.0642722 0.829392
0 0.53252 0.217391 0.0569106 0.0604915 0.835285
0 0.401084 0.291115 0.0596206 0.0793951 0.847239
0 0.544715 0.441399 0.102981 0.073724 0.880943
0 0.531165 0.321361 0.0921409 0.102079 0.897235
0 0.424119 0.434783 0.0731707 0.0604915 0.897582
0 0.310298 0.426276 0.116531 0.115312 0.906991
0 0.256098 0.289225 0.116531 0.113422 0.914078
