Index: 673 entries, 1 to 673
Columns: 3449 entries, OP to 3998
dtypes: float64(3449)
memory usage: 17.7 MB
(673, 3448)
(673, 3447)
     0         1     2         3     4         5     6         7     8         9     10    ...  3436      3437          3438  3439      3440  3441      3442  3443      3444  3445      3446
No                                                                                         ...
1     0.0  0.001274   0.0  0.001081   0.0  0.001295   0.0  0.000690   0.0  0.001153   0.0  ...   0.0 -0.000094 -1.180000e-04   0.0 -0.000125   0.0 -0.000119   0.0 -0.000129   0.0 -0.000130
2     0.0  0.000387   0.0  0.000784   0.0  0.000484   0.0  0.000122   0.0  0.000323   0.0  ...   0.0 -0.000061 -5.000000e-05   0.0 -0.000062   0.0 -0.000085   0.0 -0.000072   0.0 -0.000066
3     0.0  0.000626   0.0  0.000866   0.0  0.001212   0.0  0.001349   0.0  0.000301   0.0  ...   0.0 -0.000060 -1.320000e-04   0.0 -0.000139   0.0 -0.000079   0.0 -0.000033   0.0 -0.000087
4     0.0  0.000516   0.0  0.000773   0.0  0.000697   0.0  0.000105   0.0 -0.000451   0.0  ...   0.0 -0.000074 -7.600000e-05   0.0 -0.000066   0.0 -0.000082   0.0 -0.000100   0.0 -0.000098
5     0.0  0.000396   0.0  0.000940   0.0  0.000766   0.0  0.000519   0.0  0.000360   0.0  ...   0.0 -0.000085 -7.500000e-05   0.0 -0.000078   0.0 -0.000104   0.0 -0.000098   0.0 -0.000095
..    ...       ...   ...       ...   ...       ...   ...       ...   ...       ...   ...  ...   ...       ...           ...   ...       ...   ...       ...   ...       ...   ...       ...
669   0.0  0.000818   0.0  0.000118   0.0  0.000465   0.0  0.000766   0.0  0.000038   0.0  ...   0.0 -0.000012 -1.000000e-06   0.0 -0.000019   0.0 -0.000012   0.0 -0.000011   0.0 -0.000034
670   0.0  0.000338   0.0 -0.000507   0.0 -0.000287   0.0  0.000699   0.0 -0.000055   0.0  ...   0.0 -0.000024 -5.800000e-05   0.0 -0.000070   0.0 -0.000040   0.0 -0.000065   0.0 -0.000073
671   0.0 -0.000320   0.0 -0.000424   0.0 -0.000192   0.0 -0.000198   0.0 -0.000186   0.0  ...   0.0 -0.000039 -3.400000e-05   0.0 -0.000037   0.0 -0.000024   0.0 -0.000026   0.0 -0.000028
672   0.0  0.000710   0.0  0.001088   0.0 -0.000398   0.0 -0.000035   0.0  0.001678   0.0  ...   0.0 -0.000064 -1.160000e-04   0.0 -0.000113   0.0 -0.000080   0.0 -0.000088   0.0 -0.000104
673   0.0  0.000296   0.0  0.000262   0.0 -0.000297   0.0 -0.001102   0.0 -0.000812   0.0  ...   0.0 -0.000115 -1.210000e-04   0.0 -0.000134   0.0 -0.000154   0.0 -0.000130   0.0 -0.000111

[673 rows x 3447 columns]
(673, 3447) (673,)
缺失值个数:15个
缺失值个数:15个
count    3447.000000
mean        0.004586
std         0.008624
min         0.000000
25%         0.000000
50%         0.000592
75%         0.006019
max         0.079670
dtype: float64
(673, 3447) (673, 1022)
Index([  1,   2,   4,   5,   6,   7,   8,   9,  10,  11,
       ...
       664, 665, 666, 667, 668, 669, 670, 671, 672, 673],
      dtype='int64', name='No', length=658) in Index([3, 14, 38, 48, 58, 71, 79, 86, 89, 110, 134, 152, 227, 331, 618], dtype='int64', name='No')
(658, 1022) (658,) (15, 1022)
(658, 16)
Index(['OP', 3, 14, 38, 48, 58, 71, 79, 86, 89, 110, 134, 152, 227, 331, 618], dtype='object')
     OP         3        14        38        48        58        71        79        86        89       110       134       152       227       331       618
No
1    11  0.071587  0.175659  0.066839  0.070923  0.085309  0.078256  0.056549  0.065764  0.071202  0.085650  0.062996  0.085963  0.121343  0.098824  0.080440
2     1  0.056770  0.151117  0.093495  0.061962  0.086924  0.082995  0.081589  0.069899  0.079231  0.083291  0.083442  0.081696  0.122191  0.091681  0.058247
4     6  0.095692  0.203365  0.114545  0.090367  0.133268  0.035311  0.107194  0.084376  0.130525  0.092299  0.101094  0.094962  0.090145  0.132887  0.105599
5     7  0.095663  0.139619  0.155604  0.100515  0.123722  0.143101  0.139211  0.125753  0.136913  0.128262  0.157490  0.127982  0.161492  0.090801  0.097191
6     8  0.089060  0.115057  0.192079  0.132201  0.145202  0.142476  0.182013  0.110697  0.168093  0.148598  0.181592  0.141278  0.154101  0.140788  0.107449
..   ..       ...       ...       ...       ...       ...       ...       ...       ...       ...       ...       ...       ...       ...       ...       ...
669   9  0.129216  0.215916  0.059357  0.105986  0.112699  0.128230  0.052784  0.124717  0.073772  0.123035  0.054801  0.117209  0.171955  0.127740  0.125389
670   6  0.087365  0.183421  0.079176  0.071528  0.091915  0.085800  0.070572  0.089832  0.100711  0.073574  0.068553  0.066628  0.124395  0.090576  0.097010
671   4  0.130217  0.221801  0.035631  0.106569  0.109748  0.119566  0.036845  0.122993  0.091396  0.096284  0.058147  0.106643  0.146978  0.115753  0.127630
672   5  0.115617  0.222068  0.078743  0.103598  0.113764  0.085345  0.073626  0.100843  0.129994  0.064475  0.081145  0.090622  0.088918  0.121605  0.126233
673   1  0.077957  0.145334  0.105314  0.098268  0.105362  0.106298  0.096763  0.075918  0.079762  0.108556  0.098437  0.104027  0.144360  0.102446  0.084643

[658 rows x 16 columns]
OP       2
3      303
14     247
38     121
48     279
58     444
71       4
79     165
86      65
89     271
110    229
134    385
152    157
227    463
331    537
618    623
dtype: int64
3       3
14      1
38      4
48      3
58      9
71      9
79      4
86      9
89      3
110     4
134     9
152     9
227     5
331    11
618     3
dtype: int32
(658, 659)
Index(['OP',    1,    2,    4,    5,    6,    7,    8,    9,   10,
       ...
        664,  665,  666,  667,  668,  669,  670,  671,  672,  673],
      dtype='object', length=659)
     OP         1         2         4         5         6         7         8         9        10  ...       664       665       666       667       668       669       670       671       672       673
No                                                                                                 ...                                                                                                 

1    11  0.000000  0.061923  0.090075  0.126707  0.146885  0.219096  0.068228  0.117488  0.110814  ...  0.061808  0.079550  0.139913  0.063847  0.062243  0.076596  0.069630  0.077275  0.083584  0.069920
2     1  0.061923  0.000000  0.089807  0.107192  0.118278  0.195176  0.079123  0.097653  0.109719  ...  0.085861  0.090619  0.121813  0.085861  0.063198  0.101418  0.067938  0.094377  0.094206  0.067544
4     6  0.090075  0.089807  0.000000  0.145541  0.148247  0.238841  0.098058  0.143870  0.096312  ...  0.097311  0.126683  0.134413  0.103682  0.103964  0.135246  0.087651  0.125484  0.080268  0.117283
5     7  0.126707  0.107192  0.145541  0.000000  0.124031  0.208120  0.144103  0.080553  0.158231  ...  0.154481  0.172722  0.107855  0.148992  0.095841  0.169773  0.127730  0.157230  0.147791  0.139856
6     8  0.146885  0.118278  0.148247  0.124031  0.000000  0.130023  0.166164  0.143270  0.164020  ...  0.176236  0.195166  0.131672  0.180487  0.122016  0.204554  0.148057  0.198798  0.174151  0.126638
..   ..       ...       ...       ...       ...       ...       ...       ...       ...       ...  ...       ...       ...       ...       ...       ...       ...       ...       ...       ...       ...
669   9  0.076596  0.101418  0.135246  0.169773  0.204554  0.263556  0.084199  0.153404  0.140991  ...  0.080442  0.049589  0.183903  0.069730  0.106740  0.000000  0.092165  0.051845  0.110968  0.103656
670   6  0.069630  0.067938  0.087651  0.127730  0.148057  0.231684  0.061154  0.132056  0.093854  ...  0.085955  0.097676  0.125875  0.071638  0.080369  0.092165  0.000000  0.084512  0.080154  0.090163
671   4  0.077275  0.094377  0.125484  0.157230  0.198798  0.268326  0.065790  0.142071  0.121933  ...  0.078608  0.066717  0.169217  0.041506  0.112214  0.051845  0.084512  0.000000  0.081502  0.111020
672   5  0.083584  0.094206  0.080268  0.147791  0.174151  0.261059  0.073712  0.138198  0.084626  ...  0.088275  0.114118  0.145053  0.065594  0.113270  0.110968  0.080154  0.081502  0.000000  0.123270
673   1  0.069920  0.067544  0.117283  0.139856  0.126638  0.175014  0.101868  0.137975  0.128906  ...  0.088120  0.098361  0.140087  0.102263  0.084439  0.103656  0.090163  0.111020  0.123270  0.000000

[658 rows x 659 columns]
0.09268533074718924
(673, 3447)
n_components=35,n_neighbors=70
(658, 35) (15, 35) (658,)
Traceback (most recent call last):
  File "d:\数学建模\workspace\问题2.py", line 140, in <module>
    clf = SVC(c = best_params_['C'], kernel = 'rbf' , gamma = best_params_['gamma'],decision_function_shape = 'ovr', cache_size =5000). fit(Xtrain, Ytrain)
          ^^^^^^^^^^^^^^^^^^^^^^^^^^^^^^^^^^^^^^^^^^^^^^^^^^^^^^^^^^^^^^^^^^^^^^^^^^^^^^^^^^^^^^^^^^^^^^^^^^^^^^^^^^^^^^^^^^^^^^^^^^^^
TypeError: SVC.__init__() got an unexpected keyword argument 'c'
PS D:\数学建模\workspace> & C:/Users/50331/AppData/Local/Programs/Python/Python312/python.exe d:/数学建模/workspace/问题2.py
<class 'pandas.core.frame.DataFrame'>
Index: 673 entries, 1 to 673
Columns: 3449 entries, OP to 3998
dtypes: float64(3449)
memory usage: 17.7 MB
(673, 3448)
(673, 3447)
     0         1     2         3     4         5     6         7     8         9     10    ...  3436      3437          3438  3439      3440  3441      3442  3443      3444  3445      3446
No                                                                                         ...
1     0.0  0.001274   0.0  0.001081   0.0  0.001295   0.0  0.000690   0.0  0.001153   0.0  ...   0.0 -0.000094 -1.180000e-04   0.0 -0.000125   0.0 -0.000119   0.0 -0.000129   0.0 -0.000130
2     0.0  0.000387   0.0  0.000784   0.0  0.000484   0.0  0.000122   0.0  0.000323   0.0  ...   0.0 -0.000061 -5.000000e-05   0.0 -0.000062   0.0 -0.000085   0.0 -0.000072   0.0 -0.000066
3     0.0  0.000626   0.0  0.000866   0.0  0.001212   0.0  0.001349   0.0  0.000301   0.0  ...   0.0 -0.000060 -1.320000e-04   0.0 -0.000139   0.0 -0.000079   0.0 -0.000033   0.0 -0.000087
4     0.0  0.000516   0.0  0.000773   0.0  0.000697   0.0  0.000105   0.0 -0.000451   0.0  ...   0.0 -0.000074 -7.600000e-05   0.0 -0.000066   0.0 -0.000082   0.0 -0.000100   0.0 -0.000098
5     0.0  0.000396   0.0  0.000940   0.0  0.000766   0.0  0.000519   0.0  0.000360   0.0  ...   0.0 -0.000085 -7.500000e-05   0.0 -0.000078   0.0 -0.000104   0.0 -0.000098   0.0 -0.000095
..    ...       ...   ...       ...   ...       ...   ...       ...   ...       ...   ...  ...   ...       ...           ...   ...       ...   ...       ...   ...       ...   ...       ...
669   0.0  0.000818   0.0  0.000118   0.0  0.000465   0.0  0.000766   0.0  0.000038   0.0  ...   0.0 -0.000012 -1.000000e-06   0.0 -0.000019   0.0 -0.000012   0.0 -0.000011   0.0 -0.000034
670   0.0  0.000338   0.0 -0.000507   0.0 -0.000287   0.0  0.000699   0.0 -0.000055   0.0  ...   0.0 -0.000024 -5.800000e-05   0.0 -0.000070   0.0 -0.000040   0.0 -0.000065   0.0 -0.000073
671   0.0 -0.000320   0.0 -0.000424   0.0 -0.000192   0.0 -0.000198   0.0 -0.000186   0.0  ...   0.0 -0.000039 -3.400000e-05   0.0 -0.000037   0.0 -0.000024   0.0 -0.000026   0.0 -0.000028
672   0.0  0.000710   0.0  0.001088   0.0 -0.000398   0.0 -0.000035   0.0  0.001678   0.0  ...   0.0 -0.000064 -1.160000e-04   0.0 -0.000113   0.0 -0.000080   0.0 -0.000088   0.0 -0.000104
673   0.0  0.000296   0.0  0.000262   0.0 -0.000297   0.0 -0.001102   0.0 -0.000812   0.0  ...   0.0 -0.000115 -1.210000e-04   0.0 -0.000134   0.0 -0.000154   0.0 -0.000130   0.0 -0.000111

[673 rows x 3447 columns]
(673, 3447) (673,)
缺失值个数:15个
缺失值个数:15个
count    3447.000000
mean        0.004586
std         0.008624
min         0.000000
25%         0.000000
50%         0.000592
75%         0.006019
max         0.079670
dtype: float64
(673, 3447) (673, 1022)
Index([  1,   2,   4,   5,   6,   7,   8,   9,  10,  11,
       ...
       664, 665, 666, 667, 668, 669, 670, 671, 672, 673],
      dtype='int64', name='No', length=658) in Index([3, 14, 38, 48, 58, 71, 79, 86, 89, 110, 134, 152, 227, 331, 618], dtype='int64', name='No')
(658, 1022) (658,) (15, 1022)
(658, 16)
Index(['OP', 3, 14, 38, 48, 58, 71, 79, 86, 89, 110, 134, 152, 227, 331, 618], dtype='object')
     OP         3        14        38        48        58        71        79        86        89       110       134       152       227       331       618
No
1    11  0.071587  0.175659  0.066839  0.070923  0.085309  0.078256  0.056549  0.065764  0.071202  0.085650  0.062996  0.085963  0.121343  0.098824  0.080440
2     1  0.056770  0.151117  0.093495  0.061962  0.086924  0.082995  0.081589  0.069899  0.079231  0.083291  0.083442  0.081696  0.122191  0.091681  0.058247
4     6  0.095692  0.203365  0.114545  0.090367  0.133268  0.035311  0.107194  0.084376  0.130525  0.092299  0.101094  0.094962  0.090145  0.132887  0.105599
5     7  0.095663  0.139619  0.155604  0.100515  0.123722  0.143101  0.139211  0.125753  0.136913  0.128262  0.157490  0.127982  0.161492  0.090801  0.097191
6     8  0.089060  0.115057  0.192079  0.132201  0.145202  0.142476  0.182013  0.110697  0.168093  0.148598  0.181592  0.141278  0.154101  0.140788  0.107449
..   ..       ...       ...       ...       ...       ...       ...       ...       ...       ...       ...       ...       ...       ...       ...       ...
669   9  0.129216  0.215916  0.059357  0.105986  0.112699  0.128230  0.052784  0.124717  0.073772  0.123035  0.054801  0.117209  0.171955  0.127740  0.125389
670   6  0.087365  0.183421  0.079176  0.071528  0.091915  0.085800  0.070572  0.089832  0.100711  0.073574  0.068553  0.066628  0.124395  0.090576  0.097010
671   4  0.130217  0.221801  0.035631  0.106569  0.109748  0.119566  0.036845  0.122993  0.091396  0.096284  0.058147  0.106643  0.146978  0.115753  0.127630
672   5  0.115617  0.222068  0.078743  0.103598  0.113764  0.085345  0.073626  0.100843  0.129994  0.064475  0.081145  0.090622  0.088918  0.121605  0.126233
673   1  0.077957  0.145334  0.105314  0.098268  0.105362  0.106298  0.096763  0.075918  0.079762  0.108556  0.098437  0.104027  0.144360  0.102446  0.084643

[658 rows x 16 columns]
OP       2
3      303
14     247
38     121
48     279
58     444
71       4
79     165
86      65
89     271
110    229
134    385
152    157
227    463
331    537
618    623
dtype: int64
3       3
14      1
38      4
48      3
58      9
71      9
79      4
86      9
89      3
110     4
134     9
152     9
227     5
331    11
618     3
dtype: int32
(658, 659)
Index(['OP',    1,    2,    4,    5,    6,    7,    8,    9,   10,
       ...
        664,  665,  666,  667,  668,  669,  670,  671,  672,  673],
      dtype='object', length=659)
     OP         1         2         4         5         6         7         8         9        10  ...       664       665       666       667       668       669       670       671       672       673
No                                                                                                 ...                                                                                                 

1    11  0.000000  0.061923  0.090075  0.126707  0.146885  0.219096  0.068228  0.117488  0.110814  ...  0.061808  0.079550  0.139913  0.063847  0.062243  0.076596  0.069630  0.077275  0.083584  0.069920
2     1  0.061923  0.000000  0.089807  0.107192  0.118278  0.195176  0.079123  0.097653  0.109719  ...  0.085861  0.090619  0.121813  0.085861  0.063198  0.101418  0.067938  0.094377  0.094206  0.067544
4     6  0.090075  0.089807  0.000000  0.145541  0.148247  0.238841  0.098058  0.143870  0.096312  ...  0.097311  0.126683  0.134413  0.103682  0.103964  0.135246  0.087651  0.125484  0.080268  0.117283
5     7  0.126707  0.107192  0.145541  0.000000  0.124031  0.208120  0.144103  0.080553  0.158231  ...  0.154481  0.172722  0.107855  0.148992  0.095841  0.169773  0.127730  0.157230  0.147791  0.139856
6     8  0.146885  0.118278  0.148247  0.124031  0.000000  0.130023  0.166164  0.143270  0.164020  ...  0.176236  0.195166  0.131672  0.180487  0.122016  0.204554  0.148057  0.198798  0.174151  0.126638
..   ..       ...       ...       ...       ...       ...       ...       ...       ...       ...  ...       ...       ...       ...       ...       ...       ...       ...       ...       ...       ...
669   9  0.076596  0.101418  0.135246  0.169773  0.204554  0.263556  0.084199  0.153404  0.140991  ...  0.080442  0.049589  0.183903  0.069730  0.106740  0.000000  0.092165  0.051845  0.110968  0.103656
670   6  0.069630  0.067938  0.087651  0.127730  0.148057  0.231684  0.061154  0.132056  0.093854  ...  0.085955  0.097676  0.125875  0.071638  0.080369  0.092165  0.000000  0.084512  0.080154  0.090163
671   4  0.077275  0.094377  0.125484  0.157230  0.198798  0.268326  0.065790  0.142071  0.121933  ...  0.078608  0.066717  0.169217  0.041506  0.112214  0.051845  0.084512  0.000000  0.081502  0.111020
672   5  0.083584  0.094206  0.080268  0.147791  0.174151  0.261059  0.073712  0.138198  0.084626  ...  0.088275  0.114118  0.145053  0.065594  0.113270  0.110968  0.080154  0.081502  0.000000  0.123270
673   1  0.069920  0.067544  0.117283  0.139856  0.126638  0.175014  0.101868  0.137975  0.128906  ...  0.088120  0.098361  0.140087  0.102263  0.084439  0.103656  0.090163  0.111020  0.123270  0.000000

[658 rows x 659 columns]
0.09268533074718924
(673, 3447)
n_components=35,n_neighbors=70
(658, 35) (15, 35) (658,)
0.9242424242424242
0.9802431610942249
[ 6  9  7  4 10  1  2  8  6  1  5 10  3  1  2]