  data1['OP' ].fillna(0, inplace = True)
Index([  1,   2,   3,   4,   5,   6,   7,   8,   9,  10,
       ...
       246, 247, 248, 249, 250, 251, 252, 253, 254, 255],
      dtype='int64', name='No', length=255) In Index([  1,   2,   3,   4,   5,   6,   7,   8,   9,  10,
       ...
       246, 247, 248, 249, 250, 251, 252, 253, 254, 255],
      dtype='int64', name='No', length=255)
Index(['OP', '552', '553', '554', '555', '556', '557', '558', '559', '560',
       ...
       '3990', '3991', '3992', '3993', '3994', '3995', '3996', '3997', '3998',
       '3999'],
      dtype='object', length=3449)
 Index(['OP', '4004', '4005', '4006', '4007', '4008', '4009', '4010', '4011',
       '4012',
       ...
       '9991', '9992', '9993', '9994', '9995', '9996', '9997', '9998', '9999',
       '10000'],
      dtype='object', length=5997)
(255, 9444) (255,)
缺失值个数:0个
缺失值个数:10个
Index([4, 15, 22, 30, 34, 45, 74, 114, 170, 209], dtype='int64', name='No')
count    9444.000000
mean        0.117582
std         0.059581
min         0.011484
25%         0.089070
50%         0.113928
75%         0.147701
max         0.478408
dtype: float64
(255, 9444) (255, 4505)
Index([1, 10, 17, 27, 39, 57, 83, 127, 145, 147, 199, 203, 229, 233], dtype='int64', name='No') In Index([4, 15, 22, 30, 34, 45, 74, 114, 170, 209], dtype='int64', name='No')
(14, 4505) (245,) (10, 4505)
(245, 11)
Index(['OP', 4, 15, 22, 30, 34, 45, 74, 114, 170, 209], dtype='object')
     OP         4        15        22        30        34        45        74       114       170       209
No
1    14  4.894679  0.592801  2.823256  2.982715  5.822678  2.120122  2.069768  1.185525  2.980612  1.945595
2    13       NaN       NaN       NaN       NaN       NaN       NaN       NaN       NaN       NaN       NaN
3    17       NaN       NaN       NaN       NaN       NaN       NaN       NaN       NaN       NaN       NaN
5    16       NaN       NaN       NaN       NaN       NaN       NaN       NaN       NaN       NaN       NaN
6    17       NaN       NaN       NaN       NaN       NaN       NaN       NaN       NaN       NaN       NaN
..   ..       ...       ...       ...       ...       ...       ...       ...       ...       ...       ...
251  16       NaN       NaN       NaN       NaN       NaN       NaN       NaN       NaN       NaN       NaN
252   2       NaN       NaN       NaN       NaN       NaN       NaN       NaN       NaN       NaN       NaN
253  17       NaN       NaN       NaN       NaN       NaN       NaN       NaN       NaN       NaN       NaN
254  11       NaN       NaN       NaN       NaN       NaN       NaN       NaN       NaN       NaN       NaN
255   6       NaN       NaN       NaN       NaN       NaN       NaN       NaN       NaN       NaN       NaN

[245 rows x 11 columns]
OP       9
4      229
15      27
22      39
30     145
34      39
45      10
74     199
114    229
170    145
209     39
dtype: int64
4      14
15     14
22     14
30     14
34     14
45     14
74     14
114    14
170    14
209    14
dtype: int32
(255, 3447) (255, 5995)
True
RangeIndex(start=0, stop=3447, step=1) RangeIndex(start=0, stop=5995, step=1)
count    3447.000000
mean        0.000945
std         0.002064
min         0.000000
25%         0.000000
50%         0.000060
75%         0.001066
max         0.020079
dtype: float64
(255, 3447) (255, 934)
count    5995.000000
mean        0.000220
std         0.000502
min         0.000000
25%         0.000000
50%         0.000000
75%         0.000269
max         0.005718
dtype: float64
(255, 5995) (255, 1545)
Index([1, 10, 17, 27, 39, 57, 83, 127, 145, 147, 199, 203, 229, 233], dtype='int64', name='No')
 Index([4, 15, 22, 30, 34, 45, 74, 114, 170, 209], dtype='int64', name='No')
(14, 934) (245,) (10, 934)
         0         2         4         6         8         10        12        14        15    ...      3095      3097      3099      3101      3103      3105      3107      3109      3111
No                                                                                             ...
1    0.004595  0.003571  0.001458  0.000975  0.000744  0.000765  0.000584  0.000526  0.000454  ... -0.000273 -0.000253 -0.000241 -0.000232 -0.000218 -0.000200 -0.000189 -0.000177 -0.000159
10   0.004123  0.003111  0.000975  0.000832  0.000643  0.000497  0.000503  0.000458  0.000425  ... -0.000268 -0.000251 -0.000234 -0.000218 -0.000201 -0.000181 -0.000167 -0.000155 -0.000142
17   0.004541  0.003439  0.001242  0.000836  0.000548  0.000541  0.000538  0.000551  0.000421  ... -0.000269 -0.000250 -0.000228 -0.000205 -0.000192 -0.000190 -0.000185 -0.000167 -0.000144
27   0.004798  0.003723  0.001466  0.000981  0.000792  0.000774  0.000613  0.000515  0.000466  ... -0.000300 -0.000282 -0.000269 -0.000262 -0.000240 -0.000216 -0.000204 -0.000192 -0.000176
39   0.004777  0.003631  0.001234  0.000909  0.000694  0.000495  0.000396  0.000414  0.000483  ... -0.000288 -0.000268 -0.000248 -0.000238 -0.000220 -0.000203 -0.000192 -0.000175 -0.000154
57   0.005368  0.004226  0.001683  0.001128  0.000922  0.000826  0.000600  0.000585  0.000492  ... -0.000296 -0.000276 -0.000259 -0.000251 -0.000233 -0.000222 -0.000216 -0.000207 -0.000197
83   0.004536  0.003477  0.001398  0.001096  0.000766  0.000612  0.000509  0.000442  0.000434  ... -0.000252 -0.000233 -0.000213 -0.000191 -0.000169 -0.000158 -0.000151 -0.000140 -0.000123
127  0.004118  0.003081  0.000960  0.000829  0.000672  0.000555  0.000460  0.000458  0.000374  ... -0.000265 -0.000241 -0.000215 -0.000211 -0.000199 -0.000185 -0.000171 -0.000154 -0.000137
145  0.004524  0.003472  0.001242  0.000832  0.000766  0.000600  0.000489  0.000446  0.000461  ... -0.000291 -0.000273 -0.000248 -0.000238 -0.000220 -0.000201 -0.000185 -0.000171 -0.000159
147  0.005157  0.003921  0.001312  0.001029  0.000855  0.000785  0.000574  0.000483  0.000442  ... -0.000325 -0.000306 -0.000282 -0.000263 -0.000235 -0.000215 -0.000206 -0.000198 -0.000184
199  0.005064  0.003908  0.001619  0.001169  0.000954  0.000755  0.000563  0.000606  0.000530  ... -0.000349 -0.000323 -0.000304 -0.000291 -0.000271 -0.000253 -0.000239 -0.000219 -0.000199
203  0.005276  0.003953  0.001395  0.001207  0.000939  0.000699  0.000519  0.000508  0.000423  ... -0.000311 -0.000293 -0.000272 -0.000261 -0.000235 -0.000215 -0.000204 -0.000186 -0.000159
229  0.005652  0.004320  0.001435  0.001062  0.000871  0.000721  0.000554  0.000554  0.000508  ... -0.000326 -0.000309 -0.000288 -0.000279 -0.000255 -0.000227 -0.000210 -0.000194 -0.000172
233  0.005088  0.003815  0.001338  0.001104  0.000876  0.000770  0.000698  0.000631  0.000506  ... -0.000329 -0.000311 -0.000287 -0.000269 -0.000257 -0.000249 -0.000237 -0.000213 -0.000189

[14 rows x 934 columns]          0         2         4         6         8         10        12        14        15    ...      3095      3097      3099      3101      3103      3105      3107      3109      3111
No                                                                                             ...
4    0.014793  0.011387  0.005567  0.003728  0.002966  0.002447  0.002206  0.001943  0.001785  ... -0.001003 -0.000922 -0.000850 -0.000784 -0.000707 -0.000669 -0.000633 -0.000607 -0.000554
15   0.004004  0.003013  0.001086  0.000940  0.000697  0.000620  0.000502  0.000499  0.000460  ... -0.000302 -0.000270 -0.000249 -0.000239 -0.000227 -0.000214 -0.000202 -0.000191 -0.000174
22   0.004257  0.003227  0.001300  0.000883  0.000697  0.000555  0.000466  0.000436  0.000385  ... -0.000281 -0.000255 -0.000226 -0.000204 -0.000191 -0.000180 -0.000166 -0.000156 -0.000150
30   0.006036  0.004701  0.002146  0.001738  0.001157  0.001002  0.000814  0.000757  0.000722  ... -0.000433 -0.000405 -0.000375 -0.000355 -0.000329 -0.000305 -0.000283 -0.000261 -0.000242
34   0.018366  0.013653  0.006012  0.004229  0.003348  0.002736  0.002442  0.002202  0.002057  ... -0.001089 -0.001032 -0.000966 -0.000912 -0.000847 -0.000789 -0.000747 -0.000691 -0.000626
45   0.002582  0.001860  0.000951  0.000693  0.000374  0.000406  0.000402  0.000272  0.000265  ... -0.000178 -0.000164 -0.000155 -0.000152 -0.000143 -0.000124 -0.000108 -0.000105 -0.000094
74   0.006036  0.004691  0.002070  0.001612  0.001132  0.000845  0.000731  0.000717  0.000682  ... -0.000268 -0.000252 -0.000235 -0.000225 -0.000209 -0.000184 -0.000168 -0.000156 -0.000146
114  0.005791  0.004445  0.001433  0.001154  0.000924  0.000708  0.000697  0.000664  0.000632  ... -0.000306 -0.000292 -0.000270 -0.000248 -0.000230 -0.000213 -0.000201 -0.000189 -0.000172
170  0.010478  0.002403  0.003113  0.001252  0.001815  0.000983  0.001458  0.000733  0.001104  ... -0.000647 -0.000575 -0.000510 -0.000441 -0.000375 -0.000350 -0.000317 -0.000284 -0.000228
209  0.006162  0.004793  0.001820  0.001431  0.000973  0.000777  0.000660  0.000614  0.000592  ... -0.000401 -0.000378 -0.000341 -0.000324 -0.000296 -0.000267 -0.000251 -0.000232 -0.000202

[10 rows x 934 columns]
Index([1, 10, 17, 27, 39, 57, 83, 127, 145, 147, 199, 203, 229, 233], dtype='int64', name='No') kn Index([4, 15, 22, 30, 34, 45, 74, 114, 170, 209], dtype='int64', name='No')
(14, 1545) (245,) (10, 1545)
(245, 11)
Index(['OP', 4, 15, 22, 30, 34, 45, 74, 114, 170, 209], dtype='object')
     OP         4        15        22        30        34        45        74       114       170       209
No
1    14  0.083881  0.008154  0.010868  0.013617  0.074394  0.016442  0.021693  0.005304  0.011681  0.011036
2    13       NaN       NaN       NaN       NaN       NaN       NaN       NaN       NaN       NaN       NaN
3    17       NaN       NaN       NaN       NaN       NaN       NaN       NaN       NaN       NaN       NaN
5    16       NaN       NaN       NaN       NaN       NaN       NaN       NaN       NaN       NaN       NaN
6    17       NaN       NaN       NaN       NaN       NaN       NaN       NaN       NaN       NaN       NaN
..   ..       ...       ...       ...       ...       ...       ...       ...       ...       ...       ...
251  16       NaN       NaN       NaN       NaN       NaN       NaN       NaN       NaN       NaN       NaN
252   2       NaN       NaN       NaN       NaN       NaN       NaN       NaN       NaN       NaN       NaN
253  17       NaN       NaN       NaN       NaN       NaN       NaN       NaN       NaN       NaN       NaN
254  11       NaN       NaN       NaN       NaN       NaN       NaN       NaN       NaN       NaN       NaN
255   6       NaN       NaN       NaN       NaN       NaN       NaN       NaN       NaN       NaN       NaN

[245 rows x 11 columns]
(245, 11)
Index(['OP', 4, 15, 22, 30, 34, 45, 74, 114, 170, 209], dtype='object')
     OP         4        15        22        30        34        45        74       114       170       209
No
1    14  0.010139  0.006283  0.005053  0.012475  0.013346  0.009157  0.011274  0.004557  0.011339  0.007308
2    13       NaN       NaN       NaN       NaN       NaN       NaN       NaN       NaN       NaN       NaN
3    17       NaN       NaN       NaN       NaN       NaN       NaN       NaN       NaN       NaN       NaN
5    16       NaN       NaN       NaN       NaN       NaN       NaN       NaN       NaN       NaN       NaN
6    17       NaN       NaN       NaN       NaN       NaN       NaN       NaN       NaN       NaN       NaN
..   ..       ...       ...       ...       ...       ...       ...       ...       ...       ...       ...
251  16       NaN       NaN       NaN       NaN       NaN       NaN       NaN       NaN       NaN       NaN
252   2       NaN       NaN       NaN       NaN       NaN       NaN       NaN       NaN       NaN       NaN
253  17       NaN       NaN       NaN       NaN       NaN       NaN       NaN       NaN       NaN       NaN
254  11       NaN       NaN       NaN       NaN       NaN       NaN       NaN       NaN       NaN       NaN
255   6       NaN       NaN       NaN       NaN       NaN       NaN       NaN       NaN       NaN       NaN

[245 rows x 11 columns]
(245, 11) <class 'pandas.core.frame.DataFrame'>
OP       9
4      229
15     145
22     145
30     145
34     229
45     145
74     203
114    147
170     57
209    229
dtype: int64
[(4, 14), (15, 14), (22, 14), (30, 14), (34, 14), (45, 14), (74, 14), (114, 14), (170, 14), (209, 14)]
OP       9
4       83
15      83
22      10
30     145
34      39
45     127
74      83
114    229
170     39
209     39
dtype: int64
[(4, 14), (15, 14), (22, 14), (30, 14), (34, 14), (45, 14), (74, 14), (114, 14), (170, 14), (209, 14)]