0 0.525175 0.117972 0.121678 0.0976958 0.420504
0 0.61958 0.117512 0.0755245 0.0691244 0.528162
0 0.290909 0.310138 0.0783217 0.0875576 0.528211
0 0.272727 0.578802 0.0615385 0.081106 0.629696
0 0.232168 0.690783 0.0923077 0.0562212 0.630277
0 0.623077 0.740553 0.0937063 0.0709677 0.67087
0 0.427273 0.129954 0.0881119 0.0866359 0.780255
0 0.378322 0.237327 0.0993007 0.118894 0.830018
0 0.420979 0.343779 0.0923077 0.0552995 0.855062
0 0.518182 0.248848 0.0909091 0.075576 0.869992
0 0.571329 0.353917 0.0881119 0.0940092 0.876203
0 0.348252 0.669585 0.0755245 0.078341 0.87816
0 0.60979 0.627189 0.0755245 0.117051 0.878738
0 0.610489 0.482488 0.0853147 0.148387 0.879206
0 0.46993 0.43318 0.125874 0.0792627 0.881971
0 0.322378 0.423041 0.11049 0.114286 0.882935
0 0.504895 0.541936 0.0755245 0.101382 0.886451
0 0.486014 0.673733 0.144056 0.130876 0.903039
0 0.383217 0.537327 0.117483 0.116129 0.911741
