0 0.373214 0.133854 0.0607143 0.0427083 0.659588
0 0.266964 0.539062 0.0696429 0.0822917 0.680641
0 0.377679 0.186979 0.0482143 0.0427083 0.75149
0 0.666071 0.661458 0.15 0.1375 0.794804
0 0.269643 0.610937 0.0535714 0.046875 0.8045
0 0.702679 0.227604 0.0589286 0.0510417 0.815178
0 0.330357 0.623438 0.0714286 0.046875 0.818237
0 0.711607 0.114583 0.0553571 0.06875 0.823167
0 0.726786 0.173958 0.0464286 0.0416667 0.827042
0 0.345536 0.536979 0.0839286 0.111458 0.842668
0 0.272321 0.415625 0.0732143 0.0791667 0.843393
0 0.5625 0.671875 0.0892857 0.11875 0.84896
0 0.277679 0.666667 0.0660714 0.0520833 0.84987
0 0.354464 0.692187 0.0553571 0.0802083 0.864012
0 0.366964 0.771875 0.0732143 0.0541667 0.865859
0 0.291071 0.744792 0.0642857 0.0729167 0.872828
0 0.473214 0.678646 0.0928571 0.105208 0.916448
