0 0.678182 0.127731 0.0509091 0.0840336 0.541045
0 0.380909 0.501681 0.0745455 0.0857143 0.68831
0 0.670909 0.241176 0.0545455 0.12605 0.69616
0 0.697273 0.372269 0.0418182 0.0722689 0.730338
0 0.72 0.464706 0.0509091 0.105882 0.788527
0 0.502727 0.305882 0.0781818 0.107563 0.792251
0 0.614545 0.344538 0.0618182 0.134454 0.826774
0 0.512727 0.598319 0.0509091 0.10084 0.833168
0 0.602727 0.494958 0.0745455 0.136134 0.848957
0 0.591818 0.232773 0.0709091 0.109244 0.855247
0 0.352727 0.344538 0.0545455 0.121008 0.868538
0 0.505455 0.472269 0.0763636 0.137815 0.892894
