0 0.645918 0.569264 0.0326531 0.0649351 0.405038
0 0.830612 0.660173 0.0326531 0.0701299 0.430393
0 0.735204 0.787879 0.0459184 0.0536797 0.472175
0 0.795408 0.293507 0.0602041 0.0640693 0.483851
0 0.760714 0.41645 0.0438775 0.0831169 0.485872
0 0.628571 0.314719 0.044898 0.0943723 0.49751
0 0.295918 0.536797 0.0510204 0.0658009 0.508193
0 0.855612 0.598701 0.0295918 0.0320346 0.51925
0 0.579592 0.793074 0.0428571 0.0502165 0.526733
0 0.862245 0.441558 0.0428571 0.0675325 0.530351
0 0.147959 0.535931 0.0734694 0.121212 0.532699
0 0.818878 0.550216 0.0316327 0.0562771 0.540415
0 0.812755 0.755844 0.0316327 0.0571429 0.541084
0 0.769898 0.580519 0.0397959 0.0424242 0.54855
0 0.709184 0.428571 0.0285714 0.034632 0.565177
0 0.686224 0.398701 0.0663265 0.0926407 0.586079
0 0.742347 0.280519 0.0459184 0.0779221 0.597443
0 0.45051 0.793507 0.0397959 0.0770563 0.625947
0 0.781633 0.758009 0.0408163 0.0649351 0.64127
0 0.686224 0.681385 0.0418367 0.0502165 0.657176
0 0.22398 0.556277 0.0744898 0.10303 0.688173
0 0.803571 0.415152 0.0418367 0.0857143 0.704151
0 0.497449 0.830736 0.0540816 0.0701299 0.763564
0 0.684694 0.79697 0.0408163 0.0718615 0.804869
