0 0.166423 0.259884 0.0408759 0.0406977 0.559676
0 0.60438 0.766279 0.049635 0.0348837 0.585495
0 0.222628 0.264535 0.0510949 0.0523256 0.594581
0 0.633577 0.706395 0.0934307 0.0709302 0.681682
0 0.154015 0.174419 0.0423358 0.0651163 0.697839
0 0.30073 0.520349 0.0379562 0.0755814 0.706907
0 0.240876 0.546512 0.0437956 0.0465116 0.724345
0 0.366423 0.666279 0.0525547 0.044186 0.739778
0 0.30146 0.290698 0.0686131 0.0790698 0.755038
0 0.487591 0.202326 0.070073 0.0651163 0.788826
0 0.288321 0.198256 0.0715328 0.0732558 0.797427
0 0.409489 0.271512 0.0540146 0.0686046 0.799738
0 0.286131 0.377907 0.0613139 0.0651163 0.807353
0 0.212409 0.188372 0.0627737 0.0581395 0.819771
0 0.229197 0.460465 0.0934307 0.0837209 0.824217
0 0.362774 0.511047 0.0715328 0.0360465 0.827074
0 0.407299 0.184884 0.0613139 0.0651163 0.832825
0 0.283942 0.614535 0.0627737 0.0686046 0.863321
0 0.214599 0.359884 0.0788321 0.101163 0.889788
0 0.356934 0.576744 0.0715328 0.0790698 0.893634
