0 0.667949 0.360406 0.0435897 0.0385787 0.472597
0 0.510256 0.543147 0.0615385 0.0751269 0.518541
0 0.401923 0.704569 0.0294872 0.048731 0.535196
0 0.475 0.132487 0.0602564 0.0477157 0.540103
0 0.844872 0.31066 0.0641026 0.071066 0.549301
0 0.352564 0.456345 0.0564103 0.0497462 0.562112
0 0.817308 0.369543 0.0576923 0.0507614 0.565079
0 0.285897 0.451777 0.0487179 0.0345178 0.611665
0 0.74359 0.343655 0.074359 0.084264 0.638675
0 0.394231 0.767005 0.0423077 0.0497462 0.655851
0 0.433333 0.722843 0.0205128 0.0243655 0.726636
0 0.366667 0.555838 0.0461538 0.0416244 0.727343
0 0.885897 0.128426 0.0512821 0.0335025 0.732886
0 0.324359 0.58731 0.0307692 0.0375635 0.735866
0 0.461538 0.552284 0.0435897 0.0527919 0.738208
0 0.875 0.183249 0.0474359 0.0639594 0.739945
0 0.576923 0.314213 0.0461538 0.0700508 0.75118
0 0.425 0.676142 0.0269231 0.0507614 0.751775
0 0.528205 0.308629 0.0461538 0.0629442 0.756651
0 0.544872 0.195939 0.0461538 0.048731 0.773909
0 0.551282 0.138071 0.0564103 0.0527919 0.774464
0 0.612821 0.125888 0.0538462 0.0345178 0.811965
0 0.811538 0.228934 0.0564103 0.057868 0.813151
0 0.869872 0.242132 0.0423077 0.0416244 0.833338
0 0.438462 0.770051 0.0435897 0.0598985 0.84352
0 0.603205 0.179695 0.0551282 0.0629442 0.852408
0 0.827564 0.154822 0.0653846 0.0761421 0.863838
