0 0.234266 0.41699 0.0741259 0.0475728 0.596174
0 0.226573 0.334466 0.0643357 0.0980583 0.704308
0 0.214685 0.170388 0.0769231 0.115534 0.730363
0 0.552448 0.562136 0.0447552 0.0893204 0.737368
0 0.344056 0.37233 0.0587413 0.0592233 0.754389
0 0.325874 0.320388 0.0727273 0.0563107 0.765373
0 0.406993 0.495631 0.0587413 0.0456311 0.808959
0 0.336364 0.589806 0.0545455 0.113592 0.821277
0 0.338462 0.48835 0.0503496 0.0543689 0.822306
0 0.436364 0.584951 0.0755245 0.0941748 0.836129
0 0.546853 0.664563 0.0447552 0.0980583 0.846363
0 0.295804 0.230583 0.0629371 0.084466 0.859147
0 0.683916 0.615049 0.103497 0.0747573 0.892293
0 0.64965 0.524757 0.0993007 0.0747573 0.903662
