0 0.0835714 0.620339 0.0257143 0.0322034 0.40091
0 0.856071 0.49661 0.0392857 0.0627119 0.450225
0 0.885357 0.499576 0.0207143 0.0550847 0.508774
0 0.929286 0.608475 0.0157143 0.0220339 0.522993
0 0.12 0.608475 0.0257143 0.0644068 0.539361
0 0.893571 0.602119 0.0185714 0.0635593 0.539374
0 0.085 0.563136 0.0328571 0.0720339 0.572012
0 0.715 0.692373 0.0285714 0.0288136 0.59542
0 0.282143 0.572881 0.0385714 0.0508475 0.611416
0 0.716429 0.747881 0.0257143 0.0567797 0.703237
0 0.908929 0.501271 0.0207143 0.0618644 0.707275
0 0.933571 0.558898 0.0314286 0.0618644 0.782697
0 0.942143 0.477542 0.0328571 0.0686441 0.794904
