0 0.330328 0.11931 0.0540984 0.0786207 0.539501
0 0.556557 0.217931 0.0639344 0.0165517 0.550177
0 0.504918 0.12 0.0557377 0.0717241 0.550236
0 0.407377 0.135172 0.0934426 0.113103 0.719001
0 0.407377 0.425517 0.0606557 0.114483 0.782188
0 0.259016 0.428276 0.0426229 0.0565517 0.783586
0 0.470492 0.242069 0.0590164 0.103448 0.825867
0 0.234426 0.223448 0.0852459 0.0689655 0.828925
0 0.591803 0.728966 0.0590164 0.10069 0.845573
0 0.401639 0.614483 0.0885246 0.136552 0.850809
0 0.49918 0.527586 0.0803279 0.111724 0.866733
0 0.415574 0.72069 0.057377 0.0813793 0.877908
0 0.333607 0.415172 0.0639344 0.126897 0.882473
0 0.321311 0.266897 0.0655738 0.133793 0.884301
0 0.398361 0.268966 0.0754098 0.104828 0.884578
0 0.718033 0.574483 0.0754098 0.128276 0.892354
0 0.247541 0.328966 0.0655738 0.117241 0.897327
0 0.509016 0.711724 0.0803279 0.115862 0.897328
