0 0.505042 0.413158 0.0756303 0.0178947 0.438498
0 0.494118 0.176842 0.0739496 0.0526316 0.439173
0 0.487395 0.235789 0.0571429 0.0757895 0.556695
0 0.529412 0.638421 0.0436975 0.0410526 0.665697
0 0.50084 0.305263 0.0403361 0.0442105 0.720473
0 0.410084 0.715263 0.151261 0.0557895 0.734401
0 0.426891 0.47 0.0672269 0.0936842 0.756921
0 0.314286 0.222105 0.10084 0.117895 0.771085
0 0.503361 0.454211 0.0689076 0.0789474 0.775916
0 0.493277 0.544211 0.0588235 0.0821053 0.776999
0 0.386555 0.601579 0.110924 0.127368 0.816158
0 0.408403 0.108421 0.0705882 0.0610526 0.8205
0 0.431933 0.366316 0.0672269 0.0821053 0.823361
0 0.414286 0.194211 0.0655462 0.0789474 0.827707
0 0.412605 0.277895 0.0655462 0.0736842 0.844949
