0 0.389552 0.598693 0.041791 0.0601307 0.420583
0 0.475373 0.54183 0.0462687 0.0745098 0.506205
0 0.158955 0.39085 0.0462687 0.0862745 0.597315
0 0.58806 0.360131 0.038806 0.0457516 0.74537
0 0.495522 0.41634 0.038806 0.0535948 0.774119
0 0.782836 0.318954 0.0522388 0.101961 0.789603
0 0.587313 0.453595 0.0492537 0.0575163 0.791984
0 0.667164 0.200654 0.0656716 0.0901961 0.832376
0 0.23806 0.366013 0.0373134 0.0810458 0.863806
0 0.352985 0.369935 0.0820896 0.104575 0.866962
0 0.581343 0.160131 0.0791045 0.0875817 0.867923
0 0.68209 0.319608 0.0656716 0.132026 0.876196
0 0.345522 0.252288 0.0761194 0.0888889 0.888771
0 0.452239 0.337909 0.0776119 0.108497 0.901787
0 0.454478 0.186928 0.1 0.112418 0.907125
0 0.588806 0.269935 0.0731343 0.103268 0.909167
