0 0.439655 0.802353 0.0448276 0.0611765 0.465873
0 0.764655 0.424706 0.0327586 0.0447059 0.574118
0 0.237069 0.276471 0.0568966 0.0235294 0.598827
0 0.709483 0.7 0.05 0.127059 0.671067
0 0.211207 0.358235 0.0741379 0.0741176 0.674355
0 0.647414 0.737059 0.0293103 0.0435294 0.676609
0 0.377586 0.471765 0.110345 0.0752941 0.705622
0 0.646552 0.659412 0.0586207 0.0764706 0.716577
0 0.269828 0.400588 0.0775862 0.0858824 0.742453
0 0.761207 0.491176 0.0534483 0.0458824 0.752668
0 0.701724 0.57 0.0655172 0.0858824 0.756742
0 0.287931 0.324706 0.0724138 0.0470588 0.759771
0 0.380172 0.370588 0.0948276 0.0894118 0.769975
0 0.769828 0.28 0.0568966 0.0635294 0.770786
0 0.768966 0.604706 0.0655172 0.112941 0.778312
0 0.239655 0.24 0.0655172 0.0329412 0.812554
0 0.763793 0.357647 0.0655172 0.0588235 0.821739
0 0.691379 0.277059 0.0724138 0.0411765 0.822664
0 0.465517 0.355294 0.062069 0.115294 0.836741
0 0.39569 0.276471 0.0775862 0.0847059 0.842528
0 0.557759 0.414706 0.105172 0.142353 0.843234
0 0.311207 0.262353 0.0672414 0.0564706 0.849613
0 0.633621 0.569412 0.0534483 0.0870588 0.850453
0 0.481897 0.467647 0.0568966 0.114118 0.853274
0 0.578448 0.288824 0.0982759 0.0623529 0.882248
0 0.475862 0.278235 0.0758621 0.0576471 0.882401
0 0.675862 0.377059 0.0896552 0.147059 0.88875
