0 0.364545 0.531655 0.0236364 0.0446043 0.404959
0 0.278182 0.3 0.0290909 0.0503597 0.486439
0 0.799091 0.316547 0.0490909 0.0863309 0.513292
0 0.710909 0.341007 0.0509091 0.0460432 0.529404
0 0.786364 0.232374 0.0236364 0.0388489 0.56858
0 0.446364 0.180576 0.0454545 0.076259 0.586135
0 0.384545 0.300719 0.0490909 0.0604317 0.596812
0 0.370909 0.214388 0.0690909 0.0863309 0.620163
0 0.448182 0.327338 0.0381818 0.0618705 0.623129
0 0.328182 0.320863 0.0418182 0.0834532 0.651614
0 0.231818 0.441727 0.0418182 0.0690648 0.651721
0 0.650909 0.238849 0.0472727 0.100719 0.718165
0 0.79 0.154676 0.0454545 0.0992806 0.754555
0 0.724545 0.228777 0.0745455 0.141007 0.839581
0 0.581818 0.282014 0.04 0.0863309 0.842938
