0 0.813147 0.748515 0.0406374 0.0514851 0.469777
0 0.594422 0.10396 0.0223108 0.0257426 0.481838
0 0.696813 0.272772 0.0247012 0.0168317 0.504926
0 0.67012 0.607426 0.0191235 0.0623762 0.521806
0 0.733466 0.539109 0.0278884 0.070297 0.523467
0 0.826693 0.672277 0.0326693 0.0653465 0.556056
0 0.190837 0.167327 0.0199203 0.0792079 0.570764
0 0.55259 0.414356 0.0199203 0.0287129 0.572558
0 0.60996 0.462376 0.0199203 0.0475248 0.580208
0 0.554582 0.527228 0.0239044 0.0405941 0.613315
0 0.239841 0.118812 0.0270916 0.0376238 0.662954
0 0.876494 0.681188 0.0621514 0.0831683 0.670786
0 0.529482 0.517822 0.0199203 0.0534653 0.676302
0 0.480877 0.542574 0.0294821 0.039604 0.684434
0 0.499602 0.316832 0.0191235 0.039604 0.685203
0 0.668127 0.543069 0.0167331 0.0465347 0.731698
0 0.16255 0.172277 0.0334661 0.0613861 0.751514
0 0.613944 0.330198 0.0215139 0.0524752 0.765835
0 0.500398 0.380198 0.025498 0.0613861 0.77693
0 0.559363 0.34802 0.0302789 0.0524752 0.783661
0 0.524701 0.317822 0.0183267 0.029703 0.787904
0 0.192032 0.235149 0.0270916 0.0524752 0.805038
0 0.528287 0.369802 0.025498 0.060396 0.832693
