0 0.11751 0.590054 0.0840467 0.0413979 0.608132
0 0.419844 0.597581 0.0536965 0.0747312 0.638381
0 0.524903 0.599194 0.033463 0.0629032 0.742758
0 0.358755 0.698925 0.0793774 0.0623656 0.764323
0 0.194163 0.833064 0.0490272 0.0553763 0.784563
0 0.477043 0.590323 0.0451362 0.0569892 0.787988
0 0.590272 0.585215 0.0692607 0.0532258 0.831758
0 0.273541 0.561559 0.0754864 0.0510753 0.838872
0 0.289494 0.66586 0.0607004 0.0715054 0.849335
0 0.449416 0.708333 0.0614786 0.0564516 0.861777
0 0.680545 0.587366 0.0817121 0.0715054 0.882718
