0 0.400862 0.408333 0.087931 0.128788 0.482568
0 0.373276 0.402273 0.05 0.119697 0.524973
0 0.750862 0.433333 0.0327586 0.0787879 0.581144
0 0.296552 0.395455 0.0724138 0.109091 0.637898
0 0.29569 0.462121 0.0568966 0.0242424 0.642581
0 0.666379 0.256818 0.087931 0.131818 0.684819
0 0.475862 0.381061 0.0689655 0.0772727 0.734438
0 0.39569 0.280303 0.0603448 0.0787879 0.748797
0 0.472414 0.287121 0.0551724 0.119697 0.813759
0 0.552586 0.256818 0.0706897 0.0590909 0.83583
0 0.682759 0.418182 0.0931034 0.109091 0.865724
0 0.473276 0.490909 0.0672414 0.121212 0.875039
0 0.568965 0.367424 0.0931034 0.104545 0.88456
