0 0.425806 0.174803 0.0645161 0.0661417 0.600206
0 0.608602 0.311024 0.0473118 0.11811 0.673121
0 0.597849 0.397638 0.0344086 0.0362205 0.686409
0 0.589247 0.461417 0.0602151 0.0566929 0.75545
0 0.345161 0.266929 0.083871 0.0992126 0.790828
0 0.415054 0.550394 0.103226 0.108661 0.80938
0 0.526882 0.130709 0.0903226 0.088189 0.846229
0 0.525806 0.26378 0.0709677 0.114961 0.850582
0 0.611828 0.219685 0.0752688 0.0645669 0.854008
0 0.433333 0.281102 0.0752688 0.114961 0.858557
0 0.427957 0.406299 0.0774194 0.129134 0.859544
0 0.522581 0.406299 0.0817204 0.122835 0.862675
0 0.297849 0.488189 0.0795699 0.151181 0.87275
0 0.509677 0.548032 0.0989247 0.144882 0.8992
