0 0.262595 0.449645 0.0549618 0.0141844 0.430172
0 0.487023 0.31844 0.0610687 0.0978723 0.589926
0 0.358015 0.248936 0.0534351 0.0751773 0.682403
0 0.257252 0.352482 0.0961832 0.10922 0.731599
0 0.812214 0.48156 0.0854962 0.106383 0.753825
0 0.485496 0.438298 0.0366412 0.0595745 0.788028
0 0.561069 0.298582 0.0534351 0.0978723 0.810372
0 0.729008 0.368794 0.0717557 0.119149 0.833311
0 0.367176 0.412057 0.0625954 0.131915 0.840913
0 0.638931 0.351064 0.0778626 0.112057 0.866873
0 0.247328 0.209929 0.0885496 0.093617 0.867403
0 0.565649 0.399291 0.0625954 0.058156 0.87087
