0 0.547297 0.134054 0.0432432 0.012973 0.452828
0 0.179054 0.51027 0.0283784 0.0756757 0.470234
0 0.168919 0.251351 0.027027 0.0616216 0.518153
0 0.189189 0.118919 0.0324324 0.0475676 0.543117
0 0.538514 0.784865 0.101351 0.103784 0.550702
0 0.186486 0.581622 0.027027 0.0367568 0.634334
0 0.270946 0.331892 0.0581081 0.0778378 0.653896
0 0.156757 0.131892 0.0432432 0.0627027 0.661846
0 0.240541 0.125946 0.0540541 0.0832432 0.671022
0 0.479054 0.283243 0.0472973 0.0735135 0.683348
0 0.568243 0.676216 0.0581081 0.0962162 0.721785
0 0.214189 0.457297 0.0527027 0.0259459 0.753817
0 0.433784 0.128649 0.0405405 0.0540541 0.766802
0 0.22973 0.539459 0.0405405 0.0691892 0.778526
0 0.484459 0.137838 0.0527027 0.0616216 0.779065
0 0.426351 0.330811 0.0364865 0.0518919 0.787815
0 0.164189 0.403784 0.0418919 0.0637838 0.798306
0 0.275676 0.522162 0.0405405 0.0735135 0.801095
0 0.426351 0.264865 0.0418919 0.0583784 0.80241
0 0.215541 0.394595 0.0472973 0.0583784 0.816699
0 0.452703 0.783784 0.0567568 0.08 0.817784
0 0.262838 0.254054 0.0445946 0.0605405 0.818816
0 0.271622 0.421081 0.0459459 0.0854054 0.832021
0 0.471622 0.36973 0.0540541 0.0908108 0.833318
0 0.210135 0.261081 0.0418919 0.104865 0.845023
0 0.236486 0.62 0.0459459 0.0724324 0.89004
