0 0.598 0.566667 0.044 0.0412698 0.49576
0 0.717 0.502116 0.034 0.0391534 0.509063
0 0.41 0.542857 0.056 0.0804233 0.56742
0 0.567 0.53545 0.082 0.101587 0.569532
0 0.441 0.15291 0.07 0.0603175 0.592513
0 0.605 0.764021 0.066 0.0656085 0.654234
0 0.664 0.593122 0.048 0.0455026 0.661665
0 0.617 0.677249 0.05 0.0698413 0.728164
0 0.412 0.510582 0.072 0.0349206 0.732309
0 0.517 0.130159 0.086 0.0677249 0.739776
0 0.489 0.51746 0.066 0.0380952 0.750469
0 0.609 0.189947 0.034 0.026455 0.758364
0 0.601 0.125926 0.062 0.0486772 0.764302
0 0.551 0.225926 0.07 0.0666667 0.769503
0 0.643 0.514815 0.058 0.0645503 0.795703
0 0.601 0.619048 0.058 0.0275132 0.799462
0 0.63 0.23545 0.064 0.0412698 0.806148
0 0.401 0.646032 0.086 0.0666667 0.817565
0 0.467 0.220106 0.062 0.0507937 0.819623
0 0.518 0.661905 0.076 0.0455026 0.832046
0 0.341 0.181481 0.062 0.0687831 0.867196
0 0.512 0.741799 0.08 0.0994709 0.902092
