0 0.849618 0.227528 0.0534351 0.0685393 0.428826
0 0.381679 0.370225 0.0519084 0.0325843 0.446272
0 0.389313 0.616854 0.0641221 0.0292135 0.452501
0 0.29084 0.491011 0.0656489 0.159551 0.499566
0 0.267939 0.392135 0.0412214 0.0224719 0.50347
0 0.812977 0.259551 0.0778626 0.110112 0.55528
0 0.561069 0.115169 0.0564886 0.0573034 0.585569
0 0.239695 0.15618 0.0610687 0.12809 0.663746
0 0.81374 0.371348 0.0580153 0.0662921 0.723934
0 0.383969 0.595506 0.0717557 0.0719101 0.762724
0 0.320611 0.397753 0.0549618 0.047191 0.76477
0 0.391603 0.434831 0.0625954 0.0606742 0.801937
0 0.445038 0.364607 0.0717557 0.0932584 0.803125
0 0.376336 0.508989 0.0564886 0.0741573 0.815599
0 0.390076 0.670225 0.059542 0.0438202 0.854189
0 0.363359 0.216854 0.10687 0.101124 0.865679
0 0.241221 0.294382 0.140458 0.166292 0.874517
