0 0.827 0.393886 0.03 0.0401747 0.406465
0 0.233333 0.354804 0.0333333 0.0231441 0.452241
0 0.189333 0.438646 0.0333333 0.0362445 0.501474
0 0.239667 0.428384 0.0286667 0.0209607 0.522238
0 0.792 0.379694 0.0306667 0.0327511 0.523765
0 0.782667 0.422489 0.036 0.0388646 0.552102
0 0.675333 0.415721 0.0346667 0.0253275 0.572667
0 0.163333 0.384279 0.032 0.0262009 0.579876
0 0.323333 0.417467 0.0413333 0.0305677 0.63407
0 0.756333 0.395196 0.0273333 0.031441 0.662104
0 0.754 0.564629 0.0426667 0.0358079 0.718245
0 0.759667 0.490175 0.0353333 0.0318777 0.730606
0 0.761 0.523799 0.03 0.030131 0.740588
