0 0.60367 0.624378 0.0623853 0.0885572 0.510456
0 0.275229 0.293532 0.102752 0.081592 0.635854
0 0.376147 0.48607 0.0917431 0.0567164 0.639318
0 0.375229 0.279104 0.0862385 0.0766169 0.662679
0 0.478899 0.565672 0.0770642 0.0845771 0.673109
0 0.46055 0.479602 0.0697248 0.0895522 0.710469
0 0.530275 0.673134 0.0917431 0.132338 0.718687
0 0.694495 0.380597 0.0862385 0.0288557 0.728874
0 0.292661 0.380597 0.0899083 0.0706468 0.73424
0 0.385321 0.573134 0.0770642 0.0935323 0.741893
0 0.299083 0.687562 0.0954128 0.105473 0.78167
0 0.575229 0.495025 0.0972477 0.134328 0.799711
0 0.713761 0.270149 0.0954128 0.0706468 0.816075
0 0.459633 0.28209 0.0972477 0.0885572 0.820822
0 0.278899 0.520896 0.102752 0.0626866 0.833825
0 0.679816 0.443781 0.0605505 0.0875622 0.843674
0 0.381651 0.383582 0.0917431 0.110448 0.853692
0 0.563303 0.2801 0.113761 0.118408 0.854057
0 0.57156 0.385075 0.0972477 0.0756219 0.854862
0 0.416514 0.7 0.0880734 0.0925373 0.858931
0 0.470642 0.382587 0.0862385 0.0746269 0.86682
0 0.292661 0.599503 0.093578 0.078607 0.868645
