0 0.504959 0.618519 0.0479339 0.0133333 0.567933
0 0.58843 0.371852 0.0760331 0.0237037 0.604198
0 0.709091 0.306667 0.0528926 0.0977778 0.759688
0 0.713223 0.233333 0.0413223 0.0518519 0.807119
0 0.642975 0.554815 0.0528926 0.0962963 0.845209
0 0.695868 0.14 0.0528926 0.102222 0.847738
0 0.719835 0.698519 0.0644628 0.0844444 0.851249
0 0.531405 0.245185 0.0710744 0.0962963 0.852217
0 0.622314 0.198519 0.077686 0.082963 0.871673
0 0.633884 0.658518 0.0644628 0.0696296 0.88045
0 0.567769 0.573333 0.0644628 0.106667 0.883637
0 0.717355 0.556296 0.0628099 0.0992593 0.886018
