0 0.270769 0.914754 0.0415385 0.0336066 0.401974
0 0.3 0.838525 0.0307692 0.0139344 0.403542
0 0.296154 0.858607 0.0292308 0.0221311 0.416185
0 0.581538 0.665984 0.0430769 0.0122951 0.45556
0 0.663077 0.585656 0.0461538 0.0254098 0.462739
0 0.614231 0.230738 0.0376923 0.0131148 0.486361
0 0.67 0.63873 0.0415385 0.0479508 0.487435
0 0.656154 0.566189 0.0415385 0.0135246 0.488242
0 0.605 0.28627 0.0376923 0.027459 0.498914
0 0.557308 0.28791 0.03 0.0209016 0.512444
0 0.303077 0.888525 0.0292308 0.0262295 0.589333
0 0.575 0.748566 0.0361538 0.0184426 0.60089
0 0.593846 0.828893 0.0338462 0.022541 0.623972
0 0.563846 0.627459 0.0292308 0.0245902 0.630277
0 0.556538 0.260451 0.0438462 0.0282787 0.639839
