0 0.160914 0.317526 0.0213198 0.0371134 0.459579
0 0.149239 0.408935 0.0192893 0.0439863 0.473596
0 0.0901015 0.789003 0.0116751 0.0302406 0.493414
0 0.134264 0.575945 0.028934 0.0989691 0.509644
0 0.100508 0.738488 0.0172589 0.0460481 0.58623
0 0.15736 0.362199 0.0294416 0.0371134 0.609805
0 0.182995 0.194502 0.0299492 0.0659794 0.689409
0 0.173604 0.265292 0.0203046 0.0494845 0.692904
0 0.0616751 0.748797 0.0218274 0.0749141 0.708312
0 0.103807 0.683505 0.0218274 0.0487972 0.785206
0 0.227919 0.364605 0.0406091 0.109278 0.81159
0 0.125381 0.760137 0.0253807 0.0673539 0.814545
0 0.777665 0.420275 0.0182741 0.0419244 0.817539
0 0.136548 0.554639 0.0314721 0.0439863 0.844555
0 0.783249 0.25567 0.0324873 0.0687285 0.852114
0 0.138071 0.477663 0.0253807 0.0824742 0.857867
0 0.13198 0.614777 0.0253807 0.0639175 0.865046
0 0.782995 0.491065 0.0319797 0.0707904 0.876186
0 0.129188 0.690722 0.0218274 0.04811 0.879599
0 0.235025 0.225086 0.0609137 0.109278 0.890674
0 0.781218 0.349141 0.0395939 0.0756014 0.896753
0 0.801777 0.672165 0.0482234 0.0934708 0.900162
0 0.791624 0.57079 0.0482234 0.0611684 0.902473
