0 0.434122 0.576692 0.0506757 0.0616541 0.618632
0 0.439189 0.478947 0.0405405 0.0917293 0.633514
0 0.628378 0.350376 0.0439189 0.0631579 0.637557
0 0.333615 0.598496 0.0523649 0.081203 0.658421
0 0.376689 0.349624 0.0371622 0.0736842 0.709004
0 0.808277 0.546617 0.0320946 0.0676692 0.759534
0 0.807432 0.447368 0.0371622 0.0736842 0.762022
0 0.450169 0.362406 0.0456081 0.075188 0.773828
0 0.692568 0.600752 0.0506757 0.0766917 0.779568
0 0.351351 0.518045 0.0506757 0.0586466 0.800106
0 0.803209 0.351128 0.0489865 0.0676692 0.805644
0 0.592061 0.566165 0.0827703 0.103759 0.810129
0 0.279561 0.345865 0.0557432 0.0721804 0.836749
0 0.710304 0.523308 0.0489865 0.0601504 0.847643
0 0.592905 0.225564 0.0844595 0.120301 0.850439
0 0.188345 0.214286 0.103041 0.160902 0.858336
0 0.421453 0.264662 0.0557432 0.075188 0.861008
0 0.793919 0.25188 0.0641892 0.100752 0.875444
0 0.70777 0.166917 0.0844595 0.102256 0.878362
0 0.310811 0.215789 0.0641892 0.124812 0.880717
0 0.726351 0.36391 0.0540541 0.0902256 0.88896
