0 0.230978 0.304829 0.076087 0.082495 0.61526
0 0.789402 0.33501 0.0570652 0.0663984 0.648021
0 0.58288 0.158954 0.0570652 0.0724346 0.669237
0 0.311141 0.192153 0.0407609 0.0623742 0.670348
0 0.184783 0.201207 0.0706522 0.0804829 0.72276
0 0.442935 0.280684 0.0597826 0.0503018 0.765599
0 0.543478 0.257545 0.0543478 0.0603622 0.795892
0 0.665761 0.34507 0.0652174 0.0784708 0.852954
0 0.339674 0.293763 0.076087 0.084507 0.864619
0 0.485054 0.188129 0.0842391 0.0704225 0.868942
0 0.642663 0.237425 0.0896739 0.0764588 0.887041
0 0.754076 0.225352 0.0733696 0.0925553 0.887795
