0 0.674797 0.41966 0.0650406 0.0642722 0.642135
0 0.533875 0.217391 0.0596206 0.0604915 0.805548
0 0.403794 0.191871 0.0704607 0.0586011 0.810419
0 0.424119 0.434783 0.0731707 0.0567108 0.829075
0 0.548781 0.441399 0.100271 0.073724 0.84352
0 0.401084 0.291115 0.0650406 0.0793951 0.849234
0 0.653117 0.345936 0.0542005 0.0680529 0.855633
0 0.628726 0.242911 0.0704607 0.0888469 0.858288
0 0.254743 0.291115 0.113821 0.120983 0.891699
0 0.310298 0.427221 0.111111 0.113422 0.899773
0 0.53252 0.320416 0.0948509 0.10397 0.921353
